CALSPHERE 1             
1 00900U 64063C   23072.91173863  .00001365  00000+0  14379-2 0  9990
2 00900  90.1848  45.9699 0024775 294.7262  95.3455 13.74170280907662
CALSPHERE 2             
1 00902U 64063E   23072.91637035  .00000090  00000+0  12173-3 0  9993
2 00902  90.1979  49.2390 0020445  86.0487 306.7845 13.52740610695656
LCS 1                   
1 01361U 65034C   23072.52848923  .00000008  00000+0 -42671-4 0  9996
2 01361  32.1387 126.4173 0009535 113.8317 246.3180  9.89302878 91870
TEMPSAT 1               
1 01512U 65065E   23072.93375463  .00000075  00000+0  13245-3 0  9994
2 01512  89.9287 216.6029 0069620 355.3038 128.8138 13.33471501801288
CALSPHERE 4A            
1 01520U 65065H   23072.91074840  .00000160  00000+0  29266-3 0  9991
2 01520  89.9759 129.7953 0068013 222.2742 191.6031 13.35944883803631
OPS 5712 (P/L 160)      
1 02826U 67053A   23073.21708833  .00009095  00000+0  22242-2 0  9992
2 02826  69.9298  15.4519 0007489 299.8889  60.1502 14.52766639892371
LES-5                   
1 02866U 67066E   23072.72368108 -.00000052  00000+0  00000+0 0  9992
2 02866   0.8749 213.4305 0055234  76.4523 119.6923  1.09425078117990
SURCAL 159              
1 02872U 67053F   23072.33817545  .00000342  00000+0  27329-3 0  9994
2 02872  69.9748  46.0248 0009297 241.2347 118.7827 13.98996731843474
OPS 5712 (P/L 153)      
1 02874U 67053H   23073.18349290  .00000114  00000+0  12127-3 0  9994
2 02874  69.9738 147.3823 0009941 292.6757  67.3297 13.96459011840964
SURCAL 150B             
1 02909U 67053J   23072.89453715  .00013921  00000+0  24465-2 0  9995
2 02909  69.9481 351.9291 0004222 297.3140  62.7572 14.67753022903081