CALSPHERE 1             
1 00900U 64063C   23072.91173863  .00001365  00000+0  14379-2 0  9990
2 00900  90.1848  45.9699 0024775 294.7262  95.3455 13.74170280907662
CALSPHERE 2             
1 00902U 64063E   23072.91637035  .00000090  00000+0  12173-3 0  9993
2 00902  90.1979  49.2390 0020445  86.0487 306.7845 13.52740610695656
LCS 1                   
1 01361U 65034C   23072.52848923  .00000008  00000+0 -42671-4 0  9996
2 01361  32.1387 126.4173 0009535 113.8317 246.3180  9.89302878 91870
TEMPSAT 1               
1 01512U 65065E   23072.93375463  .00000075  00000+0  13245-3 0  9994
2 01512  89.9287 216.6029 0069620 355.3038 128.8138 13.33471501801288
CALSPHERE 4A            
1 01520U 65065H   23072.91074840  .00000160  00000+0  29266-3 0  9991
2 01520  89.9759 129.7953 0068013 222.2742 191.6031 13.35944883803631
OPS 5712 (P/L 160)      
1 02826U 67053A   23073.21708833  .00009095  00000+0  22242-2 0  9992
2 02826  69.9298  15.4519 0007489 299.8889  60.1502 14.52766639892371
LES-5                   
1 02866U 67066E   23072.72368108 -.00000052  00000+0  00000+0 0  9992
2 02866   0.8749 213.4305 0055234  76.4523 119.6923  1.09425078117990
SURCAL 159              
1 02872U 67053F   23072.33817545  .00000342  00000+0  27329-3 0  9994
2 02872  69.9748  46.0248 0009297 241.2347 118.7827 13.98996731843474
OPS 5712 (P/L 153)      
1 02874U 67053H   23073.18349290  .00000114  00000+0  12127-3 0  9994
2 02874  69.9738 147.3823 0009941 292.6757  67.3297 13.96459011840964
SURCAL 150B             
1 02909U 67053J   23072.89453715  .00013921  00000+0  24465-2 0  9995
2 02909  69.9481 351.9291 0004222 297.3140  62.7572 14.67753022903081
RIGIDSPHERE 2 (LCS 4)   
1 05398U 71067E   23072.89699522  .00001300  00000+0  44413-3 0  9992
2 05398  87.6197 308.6468 0061239 214.8423 144.8759 14.34656113702882
OSCAR 7 (AO-7)          
1 07530U 74089B   23072.90429712 -.00000012  00000+0  21119-3 0  9991
2 07530 101.9410  58.9625 0011910 245.5283 170.2302 12.53662202211232
STARLETTE               
1 07646U 75010A   23072.91277508 -.00000139  00000+0  51953-5 0  9990
2 07646  49.8225 126.6615 0205671  87.6927 274.7498 13.82317166429758
LAGEOS 1                
1 08820U 76039A   23073.20161656  .00000011  00000+0  00000+0 0  9995
2 08820 109.8265 131.4204 0045071 197.8456 168.6567  6.38664798837490
PHASE 3B (AO-10)        
1 14129U 83058B   23072.26124417 -.00000056  00000+0  00000+0 0  9992
2 14129  26.9824  52.1857 6037243 155.2332 253.4336  2.05867242270948
UOSAT 2 (UO-11)         
1 14781U 84021B   23072.89714392  .00003172  00000+0  38241-3 0  9996
2 14781  97.6492  53.5939 0009054 145.5113 214.6691 14.84474689 80004
AJISAI (EGS)            
1 16908U 86061A   23072.88027000 -.00000067  00000+0  21482-3 0  9997
2 16908  50.0077 210.5845 0011317  28.9364 152.2687 12.44499582332046
TDRS 3                  
1 19548U 88091B   23072.17927249 -.00000291  00000+0  00000+0 0  9999
2 19548  13.5174 349.2543 0039806 338.2974 218.5380  1.00266314113434
COSMOS 1989 (ETALON 1)  
1 19751U 89001C   23073.10820609  .00000041  00000+0  00000+0 0  9995
2 19751  64.3769 113.1055 0024012 214.4158 163.6620  2.13156215266059
COSMOS 2024 (ETALON 2)  
1 20026U 89039C   23072.34829361 -.00000059  00000+0  00000+0 0  9992
2 20026  65.4943 351.2665 0018657 218.5991 251.0931  2.13204228263098
FLTSATCOM 8 (USA 46)    
1 20253U 89077A   23072.84563285 -.00000072  00000+0  00000+0 0  9996
2 20253  12.7794 358.4548 0003033  92.9327  96.0930  1.00272019248656
LUSAT (LO-19)           
1 20442U 90005G   23072.38902868  .00000546  00000+0  21544-3 0  9997
2 20442  98.8341  46.9119 0012862  98.7443 261.5197 14.33194863731623
HST                     
1 20580U 90037B   23072.40633718  .00007183  00000+0  39341-3 0  9991
2 20580  28.4691 184.9085 0003025  68.8171 344.0557 15.12322967606944
SKYNET 4C               
1 20776U 90079A   23072.95257997  .00000132  00000+0  00000+0 0  9998
2 20776  13.7240 358.0560 0002891   1.7985 187.7547  1.00270685118994
TDRS 5                  
1 21639U 91054B   23072.66767641  .00000092  00000+0  00000+0 0  9996
2 21639  14.2157   2.5590 0028602 356.0263 245.3320  1.00279584115762
LAGEOS 2                
1 22195U 92070B   23072.39913963 -.00000009  00000+0  00000+0 0  9992
2 22195  52.6601 299.8564 0138729  26.3878 128.9050  6.47293830718269
TDRS 6                  
1 22314U 93003B   23072.21991484 -.00000288  00000+0  00000+0 0  9996
2 22314  14.1466   5.8347 0008136 123.1479  74.9281  1.00273501110459
SCD 1                   
1 22490U 93009B   23073.18742201  .00000879  00000+0  19422-3 0  9992
2 22490  24.9710 354.1279 0042904 144.2962   6.5536 14.44859231589008
UFO 2 (USA 95)          
1 22787U 93056A   23072.51837881  .00000132  00000+0  00000+0 0  9998
2 22787  11.5326   9.7290 0003805 343.7258  32.7875  1.00277147106605
STELLA                  
1 22824U 93061B   23072.93632125 -.00000028  00000+0  76517-5 0  9993
2 22824  98.9413 105.3489 0007452  95.0267  29.7106 14.27400740534827
EYESAT A (AO-27)        
1 22825U 93061C   23072.36887435  .00000291  00000+0  12993-3 0  9994
2 22825  98.8552 113.6552 0008216 355.2187   4.8915 14.30263370536593
ITAMSAT (IO-26)         
1 22826U 93061D   23073.09569526  .00000301  00000+0  13283-3 0  9999
2 22826  98.8496 114.2606 0008456 338.0875  21.9945 14.30619556537211
USA 99 (MILSTAR-1 1)    
1 22988U 94009A   23072.89702480 -.00000192  00000+0  00000+0 0  9994
2 22988  15.7808  40.2722 0003368 309.1263  54.8245  1.00271399 21026
USA 107 (DSP 17)        
1 23435U 94084A   23073.24521809 -.00000080  00000+0  00000+0 0  9995
2 23435  14.5723   3.6205 0001265 304.4991 146.2674  0.99082560 19752
RADIO ROSTO (RS-15)     
1 23439U 94085A   23072.92610473 -.00000039  00000+0  10000-3 0  9999
2 23439  64.8156  69.7640 0165585 226.7836 131.9158 11.27574040161871
UFO 4 (USA 108)         
1 23467U 95003A   23072.61874663 -.00000017  00000+0  00000+0 0  9991
2 23467   9.7891  16.9313 0002194  23.9993 164.9869  1.00271486103008
AMSC 1                  
1 23553U 95019A   23072.46962082 -.00000087  00000+0  00000+0 0  9997
2 23553  12.1975  24.4355 0006346 324.2583 243.6911  1.00272180102228
TDRS 7                  
1 23613U 95035B   23072.74486212 -.00000192  00000+0  00000+0 0  9996
2 23613  13.8728 356.5475 0027355  51.2425 116.0464  1.00267690101300
USA 115 (MILSTAR-1 2)   
1 23712U 95060A   23072.46032417 -.00000012  00000+0  00000+0 0  9998
2 23712  13.6286  12.3241 0002313 329.0044 235.2116  1.00270655 20937
POLAR                   
1 23802U 96013A   23071.03521120  .00000305  00000+0  00000+0 0  9997
2 23802  78.8569 239.0228 5764264 249.6857  41.6920  1.29846993129365
INMARSAT 3-F1           
1 23839U 96020A   23072.59103559  .00000134  00000+0  00000+0 0  9999
2 23839   8.0973  56.3149 0004121 322.1063  38.1161  0.99988772 98339
JAS-2 (FO-29)           
1 24278U 96046B   23072.80492957  .00000072  00000+0  11180-3 0  9998
2 24278  98.5217  64.3887 0349358 304.4506  52.4078 13.53137879312039
INMARSAT 3-F2           
1 24307U 96053A   23072.48934575 -.00000175  00000+0  00000+0 0  9990
2 24307   7.1283  64.8815 0006763 324.9318 233.3540  0.99982051 97002
AMC-1 (GE-1)            
1 24315U 96054A   23072.63007807  .00000069  00000+0  00000+0 0  9997
2 24315   6.2559  70.8006 0003631 294.4259 261.6933  1.00272926 34379
INMARSAT 3-F3           
1 24674U 96070A   23072.18628605 -.00000158  00000+0  00000+0 0  9998
2 24674   7.7149  59.8326 0004676 300.4907  38.1285  1.00008073 95989
GALAXY 25 (G-25)        
1 24812U 97026A   23072.72760348 -.00000173  00000+0  00000+0 0  9992
2 24812   4.3639  80.9348 0008982 315.9644  34.5670  0.99038478 94416
NAVSTAR 43 (USA 132)    
1 24876U 97035A   23071.59827964  .00000022  00000+0  00000+0 0  9996
2 24876  55.5506 145.2072 0066096  51.8040 308.8559  2.00564162188035
INTELSAT 5 (IS-5)       
1 24916U 97046A   23072.76098762 -.00000058  00000+0  00000+0 0  9999
2 24916   7.8040  59.1187 0003277 263.8888 288.1981  1.00272430 93677
FORTE                   
1 24920U 97047A   23072.28132413  .00000759  00000+0  33649-3 0  9990
2 24920  69.9543 183.5974 0019678 104.0608 256.2702 14.26713792328607
AMC-3 (GE-3)            
1 24936U 97050A   23072.50049681 -.00000256  00000+0  00000+0 0  9994
2 24936   5.2024  76.8870 0003156 278.3830 283.7708  1.00271802 40483
USA 134                 
1 25019U 97065A   23072.41865872 -.00000054  00000+0  00000+0 0  9997
2 25019  11.3646  29.8070 0005170 339.2157 200.0534  1.00273074 21000
NAVSTAR 44 (USA 135)    
1 25030U 97067A   23072.16577141  .00000060  00000+0  00000+0 0  9999
2 25030  55.6554 213.5384 0018298 249.0386 109.7069  1.88437748184227
ASTRA 1G                
1 25071U 97076A   23072.73170023  .00000118  00000+0  00000+0 0  9999
2 25071   6.8609  66.1512 0004976 288.2722  99.4695  1.00269727 92595
ORBCOMM FM08            
1 25112U 97084A   23072.22871825  .00003495  00000+0  11323-2 0  9990
2 25112  45.0167 358.4052 0008531  25.6277 334.4994 14.40489040321948
ORBCOMM FM10            
1 25113U 97084B   23072.21905577  .00003585  00000+0  11609-2 0  9999
2 25113  45.0182   0.0775 0006622 358.2849   1.7976 14.40463235497099
ORBCOMM FM11            
1 25114U 97084C   23072.82834916  .00003112  00000+0  10160-2 0  9992
2 25114  45.0164 356.9280 0007385   3.1587 356.9308 14.40352908322158
ORBCOMM FM12            
1 25115U 97084D   23072.85443789  .00002758  00000+0  90528-3 0  9992
2 25115  45.0175 356.4376 0006340   2.6781 357.4102 14.40372042321958
ORBCOMM FM09            
1 25116U 97084E   23073.06636009  .00002713  00000+0  89144-3 0  9999
2 25116  45.0177 356.0224 0007546 352.2155   7.8576 14.40352525322223
ORBCOMM FM05            
1 25117U 97084F   23073.17986142  .00003249  00000+0  10527-2 0  9991
2 25117  45.0175 354.9259 0003932  11.0049 349.0886 14.40643047322243
ORBCOMM FM06            
1 25118U 97084G   23073.15208966  .00003240  00000+0  10525-2 0  9990
2 25118  45.0171 355.0849 0002875  13.1435 132.9466 14.40527781322243
ORBCOMM FM07            
1 25119U 97084H   23073.09863520  .00003172  00000+0  10320-2 0  9994
2 25119  45.0163 355.7120 0004673   4.6147 355.4745 14.40489361322228
INMARSAT 3-F5           
1 25153U 98006B   23072.43025163 -.00000284  00000+0  00000+0 0  9990
2 25153   6.9997  63.8366 0005147 294.9064 272.9563  1.00273561 91943
ORBCOMM FM04            
1 25159U 98007C   23072.93679252  .00002452  00000+0  96998-3 0  9999
2 25159 107.9836 246.0717 0045635 247.2483 112.3828 14.30945435305896
CELESTIS-02 & TAURUS R/B
1 25160U 98007D   23072.03933220  .00000359  00000+0  21742-3 0  9999
2 25160 107.9954  87.6796 0062163   8.9492   9.6965 14.21731381301037
UFO 8 (USA 138)         
1 25258U 98016A   23072.48114704  .00000076  00000+0  00000+0 0  9990
2 25258   9.7216  28.7802 0000867 324.1523 213.7596  1.00375655 91620
NOAA 15                 
1 25338U 98030A   23073.17204730  .00000382  00000+0  17725-3 0  9997
2 25338  98.6178 103.8057 0009630 226.4829 133.5552 14.26266420291714
TECHSAT 1B (GO-32)      
1 25397U 98043D   23072.86251318  .00000297  00000+0  14963-3 0  9991
2 25397  98.8570  29.5580 0002229  66.9593 293.1820 14.23837897281768
ORBCOMM FM18            
1 25414U 98046B   23072.56563215  .00002081  00000+0  78585-3 0  9996
2 25414  44.9933 122.6695 0001943 120.0649 240.0390 14.34179704285429
ORBCOMM FM19            
1 25415U 98046C   23072.51260512  .00002306  00000+0  86679-3 0  9999
2 25415  44.9941 123.8733 0000669 124.8850 337.8017 14.34093876285386
ORBCOMM FM20            
1 25416U 98046D   23072.53589471  .00001883  00000+0  71946-3 0  9990
2 25416  44.9938 124.3524 0002164 256.1203 103.9403 14.33916969285499
ORBCOMM FM15            
1 25418U 98046F   23072.54442174  .00002249  00000+0  84463-3 0  9996
2 25418  44.9968 125.5926 0002273 163.3208 306.5822 14.34212722285413
ORBCOMM FM14            
1 25419U 98046G   23072.54085191  .00002303  00000+0  86271-3 0  9999
2 25419  44.9962 125.1133 0001077 193.7846 320.9735 14.34279393285364
ORBCOMM FM13            
1 25420U 98046H   23072.53351956  .00002001  00000+0  76189-3 0  9997
2 25420  44.9972 128.1962 0002574 121.0462 239.0638 14.33875865285582
ASTRA 2A                
1 25462U 98050A   23073.11438181  .00000071  00000+0  00000+0 0  9999
2 25462   4.0779  82.6328 0003216 271.8870 275.3059  1.00272580 89791
ORBCOMM FM21            
1 25475U 98053A   23072.76431607  .00002157  00000+0  81699-3 0  9996
2 25475  45.0079 211.0669 0001111 170.4313 189.6555 14.33915386278838
ORBCOMM FM23            
1 25477U 98053C   23072.78958229  .00002560  00000+0  96108-3 0  9993
2 25477  45.0082 213.3398 0000853 107.6222 252.4717 14.33871136278654
ORBCOMM FM27            
1 25481U 98053G   23072.80128428  .00002418  00000+0  90786-3 0  9999
2 25481  45.0048 211.4529 0001965 198.9025 161.1749 14.34013455278941
SCD 2                   
1 25504U 98060A   23072.59058459  .00000962  00000+0  22256-3 0  9994
2 25504  24.9943 214.2045 0017289 141.3107 303.5218 14.44356496288153
ISS (ZARYA)             
1 25544U 98067A   23073.36569740  .00019001  00000+0  34864-3 0  9993
2 25544  51.6403  78.2673 0005725  83.4155  57.2753 15.49281621387083
SWAS                    
1 25560U 98071A   23072.29967318  .00006033  00000+0  54209-3 0  9996
2 25560  69.9017  28.2683 0010976 272.8100  87.1801 14.96142894318212
GLOBALSTAR M023         
1 25621U 99004A   23072.34713750 -.00000002  00000+0  56588-3 0  9999
2 25621  52.0118  51.0022 0010071  99.2500  46.9991 12.62435576111292
SKYNET 4E               
1 25639U 99009B   23072.58414958 -.00000028  00000+0  00000+0 0  9999
2 25639  11.3845  15.4958 0002980 329.5338  34.9095  1.00273306 39445
GLOBALSTAR M037         
1 25652U 99012D   23073.20814653 -.00000036  00000+0  38018-3 0  9997
2 25652  52.0000 179.3097 0002397 146.9187 219.6490 12.62371032107008
LANDSAT 7               
1 25682U 99020A   23073.21069967  .00001255  00000+0  27079-3 0  9998
2 25682  97.9431 115.5794 0001252  78.9317 281.2022 14.59984414271922
DLR-TUBSAT              
1 25757U 99029B   23073.07295207  .00000436  00000+0  12028-3 0  9990
2 25757  98.5231  23.7476 0014786  20.9500 339.2298 14.51609860260494
CXO                     
1 25867U 99040B   23075.41392744  .00001121  00000+0  00000+0 0  9994
2 25867  38.7399 208.4399 9021198 253.0549   0.4930  0.37816239 12820
ABS-6                   
1 25924U 99053A   23072.85396736 -.00000116  00000+0  00000+0 0  9996
2 25924   0.0238 239.4084 0001787 118.3561 279.8994  1.00271901 85906
NAVSTAR 46 (USA 145)    
1 25933U 99055A   23071.70214894 -.00000076  00000+0  00000+0 0  9990
2 25933  52.3223 347.1339 0134119 137.9995 224.4895  2.00569318171662
UFO 10 (USA 146)        
1 25967U 99063A   23072.72324524 -.00000183  00000+0  00000+0 0  9990
2 25967   9.0456  32.4979 0002255 335.8090  40.1569  1.00268428 85404
ORBCOMM FM30            
1 25980U 99065A   23072.90972955  .00002331  00000+0  87971-3 0  9996
2 25980  45.0336  28.5381 0005736 220.1251 139.9173 14.33856633215731
ORBCOMM FM31            
1 25981U 99065B   23072.88218641  .00002243  00000+0  84815-3 0  9995
2 25981  45.0246  22.7380 0003859 256.9121 103.1296 14.33883387215289
ORBCOMM FM32            
1 25982U 99065C   23072.34747065  .00002306  00000+0  88781-3 0  9990
2 25982  45.0174  35.9384 0006337 245.3643 114.6543 14.32871672215886
ORBCOMM FM33            
1 25983U 99065D   23072.15959288  .00002421  00000+0  87017-3 0  9991
2 25983  45.0303 317.2487 0007991 236.5918 257.9243 14.36189036217032
ORBCOMM FM36            
1 25984U 99065E   23072.93822036  .00002384  00000+0  89474-3 0  9995
2 25984  45.0414  31.7985 0001323 109.7853 250.3137 14.34082152215675
ORBCOMM FM35            
1 25985U 99065F   23072.88963898  .00001915  00000+0  73176-3 0  9993
2 25985  45.0411  33.6828 0004165 260.5127  99.5249 14.33865122216074
XMM-NEWTON              
1 25989U 99066A   23074.73721234  .00000202  00000+0  00000+0 0  9990
2 25989  69.3687 299.9708 5669733  83.5543 359.8946  0.50132265 31401
DMSP 5D-3 F15 (USA 147) 
1 25991U 99067A   23072.93151638  .00000453  00000+0  24958-3 0  9999
2 25991  99.0708  74.3656 0010727 140.7050 275.8282 14.16680654201925
TERRA                   
1 25994U 99068A   23073.22296405  .00001196  00000+0  26381-3 0  9995
2 25994  98.1039 143.9261 0002050  46.6211  19.6477 14.59100037235930
CELESTIS-03 & TAURUS R/B
1 26034U 99070C   23073.15517589  .00090851  00000+0  24914-2 0  9990
2 26034  98.2884 113.3163 0005779 274.6614  85.3967 15.36913051262183
GALAXY 11 (G-11)        
1 26038U 99071A   23072.99355102 -.00000160  00000+0  00000+0 0  9999
2 26038   3.7033  84.5772 0001450 355.4088 355.9410  1.00271109 85138