CALSPHERE 1
1 00900U 64063C   23072.91173863  .00001365  00000+0  14379-2 0  9990
2 00900  90.1848  45.9699 0024775 294.7262  95.3455 13.74170280907662
CALSPHERE 2
1 00902U 64063E   23072.91637035  .00000090  00000+0  12173-3 0  9993
2 00902  90.1979  49.2390 0020445  86.0487 306.7845 13.52740610695656
LCS 1
1 01361U 65034C   23072.52848923  .00000008  00000+0 -42671-4 0  9996
2 01361  32.1387 126.4173 0009535 113.8317 246.3180  9.89302878 91870
TEMPSAT 1
1 01512U 65065E   23072.93375463  .00000075  00000+0  13245-3 0  9994
2 01512  89.9287 216.6029 0069620 355.3038 128.8138 13.33471501801288
CALSPHERE 4A
1 01520U 65065H   23072.91074840  .00000160  00000+0  29266-3 0  9991
2 01520  89.9759 129.7953 0068013 222.2742 191.6031 13.35944883803631
OPS 5712 (P/L 160)
1 02826U 67053A   23073.21708833  .00009095  00000+0  22242-2 0  9992
2 02826  69.9298  15.4519 0007489 299.8889  60.1502 14.52766639892371
LES-5
1 02866U 67066E   23072.72368108 -.00000052  00000+0  00000+0 0  9992
2 02866   0.8749 213.4305 0055234  76.4523 119.6923  1.09425078117990
SURCAL 159
1 02872U 67053F   23072.33817545  .00000342  00000+0  27329-3 0  9994
2 02872  69.9748  46.0248 0009297 241.2347 118.7827 13.98996731843474
OPS 5712 (P/L 153)
1 02874U 67053H   23073.18349290  .00000114  00000+0  12127-3 0  9994
2 02874  69.9738 147.3823 0009941 292.6757  67.3297 13.96459011840964
SURCAL 150B
1 02909U 67053J   23072.89453715  .00013921  00000+0  24465-2 0  9995
2 02909  69.9481 351.9291 0004222 297.3140  62.7572 14.67753022903081
RIGIDSPHERE 2 (LCS 4)
1 05398U 71067E   23072.89699522  .00001300  00000+0  44413-3 0  9992
2 05398  87.6197 308.6468 0061239 214.8423 144.8759 14.34656113702882
OSCAR 7 (AO-7)
1 07530U 74089B   23072.90429712 -.00000012  00000+0  21119-3 0  9991
2 07530 101.9410  58.9625 0011910 245.5283 170.2302 12.53662202211232
STARLETTE
1 07646U 75010A   23072.91277508 -.00000139  00000+0  51953-5 0  9990
2 07646  49.8225 126.6615 0205671  87.6927 274.7498 13.82317166429758
LAGEOS 1
1 08820U 76039A   23073.20161656  .00000011  00000+0  00000+0 0  9995
2 08820 109.8265 131.4204 0045071 197.8456 168.6567  6.38664798837490
PHASE 3B (AO-10)
1 14129U 83058B   23072.26124417 -.00000056  00000+0  00000+0 0  9992
2 14129  26.9824  52.1857 6037243 155.2332 253.4336  2.05867242270948
UOSAT 2 (UO-11)
1 14781U 84021B   23072.89714392  .00003172  00000+0  38241-3 0  9996
2 14781  97.6492  53.5939 0009054 145.5113 214.6691 14.84474689 80004
AJISAI (EGS)
1 16908U 86061A   23072.88027000 -.00000067  00000+0  21482-3 0  9997
2 16908  50.0077 210.5845 0011317  28.9364 152.2687 12.44499582332046
TDRS 3
1 19548U 88091B   23072.17927249 -.00000291  00000+0  00000+0 0  9999
2 19548  13.5174 349.2543 0039806 338.2974 218.5380  1.00266314113434
COSMOS 1989 (ETALON 1)
1 19751U 89001C   23073.10820609  .00000041  00000+0  00000+0 0  9995
2 19751  64.3769 113.1055 0024012 214.4158 163.6620  2.13156215266059
COSMOS 2024 (ETALON 2)
1 20026U 89039C   23072.34829361 -.00000059  00000+0  00000+0 0  9992
2 20026  65.4943 351.2665 0018657 218.5991 251.0931  2.13204228263098
FLTSATCOM 8 (USA 46)
1 20253U 89077A   23072.84563285 -.00000072  00000+0  00000+0 0  9996
2 20253  12.7794 358.4548 0003033  92.9327  96.0930  1.00272019248656
LUSAT (LO-19)
1 20442U 90005G   23072.38902868  .00000546  00000+0  21544-3 0  9997
2 20442  98.8341  46.9119 0012862  98.7443 261.5197 14.33194863731623
HST
1 20580U 90037B   23072.40633718  .00007183  00000+0  39341-3 0  9991
2 20580  28.4691 184.9085 0003025  68.8171 344.0557 15.12322967606944
SKYNET 4C
1 20776U 90079A   23072.95257997  .00000132  00000+0  00000+0 0  9998
2 20776  13.7240 358.0560 0002891   1.7985 187.7547  1.00270685118994
TDRS 5
1 21639U 91054B   23072.66767641  .00000092  00000+0  00000+0 0  9996
2 21639  14.2157   2.5590 0028602 356.0263 245.3320  1.00279584115762
LAGEOS 2
1 22195U 92070B   23072.39913963 -.00000009  00000+0  00000+0 0  9992
2 22195  52.6601 299.8564 0138729  26.3878 128.9050  6.47293830718269
TDRS 6
1 22314U 93003B   23072.21991484 -.00000288  00000+0  00000+0 0  9996
2 22314  14.1466   5.8347 0008136 123.1479  74.9281  1.00273501110459
SCD 1
1 22490U 93009B   23073.18742201  .00000879  00000+0  19422-3 0  9992
2 22490  24.9710 354.1279 0042904 144.2962   6.5536 14.44859231589008
UFO 2 (USA 95)
1 22787U 93056A   23072.51837881  .00000132  00000+0  00000+0 0  9998
2 22787  11.5326   9.7290 0003805 343.7258  32.7875  1.00277147106605
STELLA
1 22824U 93061B   23072.93632125 -.00000028  00000+0  76517-5 0  9993
2 22824  98.9413 105.3489 0007452  95.0267  29.7106 14.27400740534827
EYESAT A (AO-27)
1 22825U 93061C   23072.36887435  .00000291  00000+0  12993-3 0  9994
2 22825  98.8552 113.6552 0008216 355.2187   4.8915 14.30263370536593
ITAMSAT (IO-26)
1 22826U 93061D   23073.09569526  .00000301  00000+0  13283-3 0  9999
2 22826  98.8496 114.2606 0008456 338.0875  21.9945 14.30619556537211
USA 99 (MILSTAR-1 1)
1 22988U 94009A   23072.89702480 -.00000192  00000+0  00000+0 0  9994
2 22988  15.7808  40.2722 0003368 309.1263  54.8245  1.00271399 21026
USA 107 (DSP 17)
1 23435U 94084A   23073.24521809 -.00000080  00000+0  00000+0 0  9995
2 23435  14.5723   3.6205 0001265 304.4991 146.2674  0.99082560 19752
RADIO ROSTO (RS-15)
1 23439U 94085A   23072.92610473 -.00000039  00000+0  10000-3 0  9999
2 23439  64.8156  69.7640 0165585 226.7836 131.9158 11.27574040161871
UFO 4 (USA 108)
1 23467U 95003A   23072.61874663 -.00000017  00000+0  00000+0 0  9991
2 23467   9.7891  16.9313 0002194  23.9993 164.9869  1.00271486103008
AMSC 1
1 23553U 95019A   23072.46962082 -.00000087  00000+0  00000+0 0  9997
2 23553  12.1975  24.4355 0006346 324.2583 243.6911  1.00272180102228
TDRS 7
1 23613U 95035B   23072.74486212 -.00000192  00000+0  00000+0 0  9996
2 23613  13.8728 356.5475 0027355  51.2425 116.0464  1.00267690101300
USA 115 (MILSTAR-1 2)
1 23712U 95060A   23072.46032417 -.00000012  00000+0  00000+0 0  9998
2 23712  13.6286  12.3241 0002313 329.0044 235.2116  1.00270655 20937
POLAR
1 23802U 96013A   23071.03521120  .00000305  00000+0  00000+0 0  9997
2 23802  78.8569 239.0228 5764264 249.6857  41.6920  1.29846993129365
INMARSAT 3-F1
1 23839U 96020A   23072.59103559  .00000134  00000+0  00000+0 0  9999
2 23839   8.0973  56.3149 0004121 322.1063  38.1161  0.99988772 98339
JAS-2 (FO-29)
1 24278U 96046B   23072.80492957  .00000072  00000+0  11180-3 0  9998
2 24278  98.5217  64.3887 0349358 304.4506  52.4078 13.53137879312039
INMARSAT 3-F2
1 24307U 96053A   23072.48934575 -.00000175  00000+0  00000+0 0  9990
2 24307   7.1283  64.8815 0006763 324.9318 233.3540  0.99982051 97002
AMC-1 (GE-1)
1 24315U 96054A   23072.63007807  .00000069  00000+0  00000+0 0  9997
2 24315   6.2559  70.8006 0003631 294.4259 261.6933  1.00272926 34379
INMARSAT 3-F3
1 24674U 96070A   23072.18628605 -.00000158  00000+0  00000+0 0  9998
2 24674   7.7149  59.8326 0004676 300.4907  38.1285  1.00008073 95989
GALAXY 25 (G-25)
1 24812U 97026A   23072.72760348 -.00000173  00000+0  00000+0 0  9992
2 24812   4.3639  80.9348 0008982 315.9644  34.5670  0.99038478 94416
NAVSTAR 43 (USA 132)
1 24876U 97035A   23071.59827964  .00000022  00000+0  00000+0 0  9996
2 24876  55.5506 145.2072 0066096  51.8040 308.8559  2.00564162188035
INTELSAT 5 (IS-5)
1 24916U 97046A   23072.76098762 -.00000058  00000+0  00000+0 0  9999
2 24916   7.8040  59.1187 0003277 263.8888 288.1981  1.00272430 93677
FORTE
1 24920U 97047A   23072.28132413  .00000759  00000+0  33649-3 0  9990
2 24920  69.9543 183.5974 0019678 104.0608 256.2702 14.26713792328607
AMC-3 (GE-3)
1 24936U 97050A   23072.50049681 -.00000256  00000+0  00000+0 0  9994
2 24936   5.2024  76.8870 0003156 278.3830 283.7708  1.00271802 40483
USA 134
1 25019U 97065A   23072.41865872 -.00000054  00000+0  00000+0 0  9997
2 25019  11.3646  29.8070 0005170 339.2157 200.0534  1.00273074 21000
NAVSTAR 44 (USA 135)
1 25030U 97067A   23072.16577141  .00000060  00000+0  00000+0 0  9999
2 25030  55.6554 213.5384 0018298 249.0386 109.7069  1.88437748184227
ASTRA 1G
1 25071U 97076A   23072.73170023  .00000118  00000+0  00000+0 0  9999
2 25071   6.8609  66.1512 0004976 288.2722  99.4695  1.00269727 92595
ORBCOMM FM08
1 25112U 97084A   23072.22871825  .00003495  00000+0  11323-2 0  9990
2 25112  45.0167 358.4052 0008531  25.6277 334.4994 14.40489040321948
ORBCOMM FM10
1 25113U 97084B   23072.21905577  .00003585  00000+0  11609-2 0  9999
2 25113  45.0182   0.0775 0006622 358.2849   1.7976 14.40463235497099
ORBCOMM FM11
1 25114U 97084C   23072.82834916  .00003112  00000+0  10160-2 0  9992
2 25114  45.0164 356.9280 0007385   3.1587 356.9308 14.40352908322158
ORBCOMM FM12
1 25115U 97084D   23072.85443789  .00002758  00000+0  90528-3 0  9992
2 25115  45.0175 356.4376 0006340   2.6781 357.4102 14.40372042321958
ORBCOMM FM09
1 25116U 97084E   23073.06636009  .00002713  00000+0  89144-3 0  9999
2 25116  45.0177 356.0224 0007546 352.2155   7.8576 14.40352525322223
ORBCOMM FM05
1 25117U 97084F   23073.17986142  .00003249  00000+0  10527-2 0  9991
2 25117  45.0175 354.9259 0003932  11.0049 349.0886 14.40643047322243
ORBCOMM FM06
1 25118U 97084G   23073.15208966  .00003240  00000+0  10525-2 0  9990
2 25118  45.0171 355.0849 0002875  13.1435 132.9466 14.40527781322243
ORBCOMM FM07
1 25119U 97084H   23073.09863520  .00003172  00000+0  10320-2 0  9994
2 25119  45.0163 355.7120 0004673   4.6147 355.4745 14.40489361322228
INMARSAT 3-F5
1 25153U 98006B   23072.43025163 -.00000284  00000+0  00000+0 0  9990
2 25153   6.9997  63.8366 0005147 294.9064 272.9563  1.00273561 91943
ORBCOMM FM04
1 25159U 98007C   23072.93679252  .00002452  00000+0  96998-3 0  9999
2 25159 107.9836 246.0717 0045635 247.2483 112.3828 14.30945435305896
CELESTIS-02 & TAURUS R/B
1 25160U 98007D   23072.03933220  .00000359  00000+0  21742-3 0  9999
2 25160 107.9954  87.6796 0062163   8.9492   9.6965 14.21731381301037
UFO 8 (USA 138)
1 25258U 98016A   23072.48114704  .00000076  00000+0  00000+0 0  9990
2 25258   9.7216  28.7802 0000867 324.1523 213.7596  1.00375655 91620
NOAA 15
1 25338U 98030A   23073.17204730  .00000382  00000+0  17725-3 0  9997
2 25338  98.6178 103.8057 0009630 226.4829 133.5552 14.26266420291714
TECHSAT 1B (GO-32)
1 25397U 98043D   23072.86251318  .00000297  00000+0  14963-3 0  9991
2 25397  98.8570  29.5580 0002229  66.9593 293.1820 14.23837897281768
ORBCOMM FM18
1 25414U 98046B   23072.56563215  .00002081  00000+0  78585-3 0  9996
2 25414  44.9933 122.6695 0001943 120.0649 240.0390 14.34179704285429
ORBCOMM FM19
1 25415U 98046C   23072.51260512  .00002306  00000+0  86679-3 0  9999
2 25415  44.9941 123.8733 0000669 124.8850 337.8017 14.34093876285386
ORBCOMM FM20
1 25416U 98046D   23072.53589471  .00001883  00000+0  71946-3 0  9990
2 25416  44.9938 124.3524 0002164 256.1203 103.9403 14.33916969285499
ORBCOMM FM15
1 25418U 98046F   23072.54442174  .00002249  00000+0  84463-3 0  9996
2 25418  44.9968 125.5926 0002273 163.3208 306.5822 14.34212722285413
ORBCOMM FM14
1 25419U 98046G   23072.54085191  .00002303  00000+0  86271-3 0  9999
2 25419  44.9962 125.1133 0001077 193.7846 320.9735 14.34279393285364
ORBCOMM FM13
1 25420U 98046H   23072.53351956  .00002001  00000+0  76189-3 0  9997
2 25420  44.9972 128.1962 0002574 121.0462 239.0638 14.33875865285582
ASTRA 2A
1 25462U 98050A   23073.11438181  .00000071  00000+0  00000+0 0  9999
2 25462   4.0779  82.6328 0003216 271.8870 275.3059  1.00272580 89791
ORBCOMM FM21
1 25475U 98053A   23072.76431607  .00002157  00000+0  81699-3 0  9996
2 25475  45.0079 211.0669 0001111 170.4313 189.6555 14.33915386278838
ORBCOMM FM23
1 25477U 98053C   23072.78958229  .00002560  00000+0  96108-3 0  9993
2 25477  45.0082 213.3398 0000853 107.6222 252.4717 14.33871136278654
ORBCOMM FM27
1 25481U 98053G   23072.80128428  .00002418  00000+0  90786-3 0  9999
2 25481  45.0048 211.4529 0001965 198.9025 161.1749 14.34013455278941
SCD 2
1 25504U 98060A   23072.59058459  .00000962  00000+0  22256-3 0  9994
2 25504  24.9943 214.2045 0017289 141.3107 303.5218 14.44356496288153
ISS (ZARYA)
1 25544U 98067A   23073.36569740  .00019001  00000+0  34864-3 0  9993
2 25544  51.6403  78.2673 0005725  83.4155  57.2753 15.49281621387083
SWAS
1 25560U 98071A   23072.29967318  .00006033  00000+0  54209-3 0  9996
2 25560  69.9017  28.2683 0010976 272.8100  87.1801 14.96142894318212
GLOBALSTAR M023
1 25621U 99004A   23072.34713750 -.00000002  00000+0  56588-3 0  9999
2 25621  52.0118  51.0022 0010071  99.2500  46.9991 12.62435576111292
SKYNET 4E
1 25639U 99009B   23072.58414958 -.00000028  00000+0  00000+0 0  9999
2 25639  11.3845  15.4958 0002980 329.5338  34.9095  1.00273306 39445
GLOBALSTAR M037
1 25652U 99012D   23073.20814653 -.00000036  00000+0  38018-3 0  9997
2 25652  52.0000 179.3097 0002397 146.9187 219.6490 12.62371032107008
LANDSAT 7
1 25682U 99020A   23073.21069967  .00001255  00000+0  27079-3 0  9998
2 25682  97.9431 115.5794 0001252  78.9317 281.2022 14.59984414271922
DLR-TUBSAT
1 25757U 99029B   23073.07295207  .00000436  00000+0  12028-3 0  9990
2 25757  98.5231  23.7476 0014786  20.9500 339.2298 14.51609860260494
CXO
1 25867U 99040B   23075.41392744  .00001121  00000+0  00000+0 0  9994
2 25867  38.7399 208.4399 9021198 253.0549   0.4930  0.37816239 12820
ABS-6
1 25924U 99053A   23072.85396736 -.00000116  00000+0  00000+0 0  9996
2 25924   0.0238 239.4084 0001787 118.3561 279.8994  1.00271901 85906
NAVSTAR 46 (USA 145)
1 25933U 99055A   23071.70214894 -.00000076  00000+0  00000+0 0  9990
2 25933  52.3223 347.1339 0134119 137.9995 224.4895  2.00569318171662
UFO 10 (USA 146)
1 25967U 99063A   23072.72324524 -.00000183  00000+0  00000+0 0  9990
2 25967   9.0456  32.4979 0002255 335.8090  40.1569  1.00268428 85404
ORBCOMM FM30
1 25980U 99065A   23072.90972955  .00002331  00000+0  87971-3 0  9996
2 25980  45.0336  28.5381 0005736 220.1251 139.9173 14.33856633215731
ORBCOMM FM31
1 25981U 99065B   23072.88218641  .00002243  00000+0  84815-3 0  9995
2 25981  45.0246  22.7380 0003859 256.9121 103.1296 14.33883387215289
ORBCOMM FM32
1 25982U 99065C   23072.34747065  .00002306  00000+0  88781-3 0  9990
2 25982  45.0174  35.9384 0006337 245.3643 114.6543 14.32871672215886
ORBCOMM FM33
1 25983U 99065D   23072.15959288  .00002421  00000+0  87017-3 0  9991
2 25983  45.0303 317.2487 0007991 236.5918 257.9243 14.36189036217032
ORBCOMM FM36
1 25984U 99065E   23072.93822036  .00002384  00000+0  89474-3 0  9995
2 25984  45.0414  31.7985 0001323 109.7853 250.3137 14.34082152215675
ORBCOMM FM35
1 25985U 99065F   23072.88963898  .00001915  00000+0  73176-3 0  9993
2 25985  45.0411  33.6828 0004165 260.5127  99.5249 14.33865122216074
XMM-NEWTON
1 25989U 99066A   23074.73721234  .00000202  00000+0  00000+0 0  9990
2 25989  69.3687 299.9708 5669733  83.5543 359.8946  0.50132265 31401
DMSP 5D-3 F15 (USA 147)
1 25991U 99067A   23072.93151638  .00000453  00000+0  24958-3 0  9999
2 25991  99.0708  74.3656 0010727 140.7050 275.8282 14.16680654201925
TERRA
1 25994U 99068A   23073.22296405  .00001196  00000+0  26381-3 0  9995
2 25994  98.1039 143.9261 0002050  46.6211  19.6477 14.59100037235930
CELESTIS-03 & TAURUS R/B
1 26034U 99070C   23073.15517589  .00090851  00000+0  24914-2 0  9990
2 26034  98.2884 113.3163 0005779 274.6614  85.3967 15.36913051262183
GALAXY 11 (G-11)
1 26038U 99071A   23072.99355102 -.00000160  00000+0  00000+0 0  9999
2 26038   3.7033  84.5772 0001450 355.4088 355.9410  1.00271109 85138
USA 148
1 26052U 00001A   23072.62040278  .00000043  00000+0  00000+0 0  9994
2 26052   9.9650  40.7513 0001756 289.4492 244.2756  1.00273089 19676
GLOBALSTAR M063
1 26081U 00008A   23072.32943182 -.00000065  00000+0  25325-3 0  9992
2 26081  51.9942 129.1520 0005105 169.1005 300.5083 11.86143088 59454
ASIASTAR
1 26107U 00016A   23072.88452043 -.00000330  00000+0  00000+0 0  9996
2 26107   6.3113  69.7343 0004407 290.6943 234.2104  1.00268250 83979
IMAGE
1 26113U 00017A   23069.51787818  .00000320  00000+0  71745-1 0  9995
2 26113  94.8723 296.0595 7275440  66.6709 351.1493  1.68654527141351
USA 149 (DSP 20)
1 26356U 00024A   23072.55813389  .00000101  00000+0  00000+0 0  9994
2 26356  12.2779  19.7665 0001122 234.6809 311.8510  1.00264168 20968
NAVSTAR 47 (USA 150)
1 26360U 00025A   23072.68775858 -.00000001  00000+0  00000+0 0  9992
2 26360  54.2856  67.7676 0044171 196.9438 318.5834  2.00552272167376
TDRS 8
1 26388U 00034A   23072.96021813 -.00000225  00000+0  00000+0 0  9996
2 26388  10.7944  40.6676 0022974 336.2689 229.0623  1.00264711 83225
NAVSTAR 48 (USA 151)
1 26407U 00040A   23072.01356627  .00000060  00000+0  00000+0 0  9991
2 26407  55.2992 262.5755 0158537 290.3964 298.3054  2.00568104166030
CLUSTER II-FM7 (SAMBA)
1 26410U 00041A   23066.20609231 -.00000146  00000+0  00000+0 0  9998
2 26410 135.5186 350.6283 6273405 204.0741 359.8358  0.44182790 26730
CLUSTER II-FM6 (SALSA)
1 26411U 00041B   23070.71797747  .00000233  00000+0  00000+0 0  9996
2 26411 139.5081 357.1544 7970445 210.7898   0.1923  0.44211995 26067
INTELSAT 9 (IS-9)
1 26451U 00043A   23072.38660750 -.00000282  00000+0  00000+0 0  9995
2 26451   7.7872  59.3010 0002302 290.4999 270.1327  1.00272713 32198
CLUSTER II-FM5 (RUMBA)
1 26463U 00045A   23066.19970355  .00000090  00000+0  00000+0 0  9993
2 26463 142.7439 357.1710 7462675 211.5093 359.8894  0.44197150 14917
CLUSTER II-FM8 (TANGO)
1 26464U 00045B   23070.73065629  .00000036  00000+0  00000+0 0  9998
2 26464 135.5378 350.6744 6277872 204.1607   0.1030  0.44219358 15000
NSS-11 (AAP-1)
1 26554U 00059A   23072.84007672  .00000028  00000+0  00000+0 0  9992
2 26554   0.0410 326.8562 0002869  32.5617 290.1888  1.00271743 82225
USA 153
1 26575U 00065A   23072.83383019 -.00000319  00000+0  00000+0 0  9997
2 26575   9.5570  44.0732 0001804 274.2803 287.3884  1.00276791 20984
AMC-6 (GE-6)
1 26580U 00067A   23073.05118656  .00000107  00000+0  00000+0 0  9997
2 26580   0.0399 315.8529 0002076  50.1313  44.8252  1.00271307 82045
NAVSTAR 49 (USA 154)
1 26605U 00071A   23072.30399307  .00000017  00000+0  00000+0 0  9991
2 26605  55.1399 142.0573 0143042 255.9322 108.5928  2.00571385163618
INTELSAT 1R (IS-1R)
1 26608U 00072A   23072.82063340 -.00000135  00000+0  00000+0 0  9999
2 26608   5.1000  77.0840 0001036 349.9630 196.6485  1.00272437 81701
ANIK F1
1 26624U 00076A   23072.70563795 -.00000058  00000+0  00000+0 0  9991
2 26624   2.1164  89.3341 0006168 309.2502 277.2833  1.00271429 31198
NAVSTAR 50 (USA 156)
1 26690U 01004A   23072.55882777  .00000008  00000+0  00000+0 0  9997
2 26690  54.1944  76.5946 0003920 296.0139  56.8513  1.91595031160686
ODIN
1 26702U 01007A   23072.91157457  .00010001  00000+0  57346-3 0  9997
2 26702  97.5119  87.9719 0012092  82.7984 277.4621 15.12711431206962
USA 157 (MILSTAR-2 2)
1 26715U 01009A   23072.45693628  .00000020  00000+0  00000+0 0  9998
2 26715  10.2697  26.0708 0002316 325.5241 219.5286  1.00268135 21007
EUTELSAT 133 WEST A
1 26719U 01011A   23072.94771799 -.00000230  00000+0  00000+0 0  9999
2 26719   4.3770  80.0933 0003863 284.9368 108.3342  1.00522620 80637
BSAT-2A
1 26720U 01011B   23072.50081446 -.00000134  00000+0  00000+0 0  9999
2 26720   8.1789  57.1973 0001231 254.1954 328.2798  0.99176795 80157
INTELSAT 10 (IS-10)
1 26766U 01019A   23072.72896661  .00000038  00000+0  00000+0 0  9996
2 26766   6.2165  70.9962 0003082 295.0090 245.3176  1.00273222 33676
INTELSAT 901 (IS-901)
1 26824U 01024A   23071.43174578 -.00000196  00000+0  00000+0 0  9996
2 26824   0.0288 253.3022 0001191 132.1923 272.2420  1.00270814 11028
ASTRA 2C
1 26853U 01025A   23072.44206852 -.00000254  00000+0  00000+0 0  9997
2 26853   5.2259  76.7052 0003017 279.7404 260.9742  1.00267985 33093
OMNI-M1
1 26857U 01026A   23072.29002937  .00000001  00000+0  00000+0 0  9992
2 26857  44.7885 159.4698 0015828 122.5880 237.6091  3.92402163158796
USA 159 (DSP 21)
1 26880U 01033A   23072.71810252 -.00000291  00000+0  00000+0 0  9992
2 26880  11.6684  24.1363 0001751 359.7695 356.6346  1.00274118 21010
INTELSAT 902 (IS-902)
1 26900U 01039A   23073.01090767 -.00000280  00000+0  00000+0 0  9994
2 26900   3.0850  85.9811 0002098 272.5703 126.6313  1.00272799 78826
PCSAT (NO-44)
1 26931U 01043C   23072.51146671  .00000489  00000+0  21778-3 0  9992
2 26931  67.0497  83.8551 0006749 283.4997  76.5352 14.30850744119896
PROBA-1
1 26958U 01049B   23073.16644974  .00003915  00000+0  32319-3 0  9998
2 26958  97.8611  38.7400 0070406 162.9890 197.3716 14.97655333164829
BIRD 2
1 26959U 01049C   23072.89295776  .00055427  00000+0  74096-3 0  9993
2 26959  97.7624 189.9088 0004399 123.7668 236.4006 15.57865578494891
TIMED
1 26998U 01055B   23073.21470159  .00002274  00000+0  24329-3 0  9996
2 26998  74.0710 102.0030 0002963 273.1365  86.9477 14.89382005153299
MAROC-TUBSAT
1 27004U 01056D   23072.92680127  .00000007  00000+0  60032-4 0  9995
2 27004  99.6620 218.8608 0019348 320.7453 151.6207 13.70170550 63043
COSMOS 2385
1 27056U 01058B   23072.85346111  .00000028  00000+0  10216-3 0  9999
2 27056  82.5316 261.7109 0006562  45.2362 314.9262 12.60524098975841
COSMOS 2386
1 27057U 01058C   23072.78339772  .00000035  00000+0  13795-3 0  9990
2 27057  82.5389 256.8595 0000426 133.2218 226.8909 12.61573674976279
USA 164 (MILSTAR-2 3)
1 27168U 02001A   23072.11785616  .00000107  00000+0  00000+0 0  9992
2 27168   9.7945  27.9156 0002521 292.2839 271.6573  1.00276180 19696
INTELSAT 904 (IS-904)
1 27380U 02007A   23072.45535478 -.00000209  00000+0  00000+0 0  9994
2 27380   3.9098  83.0206 0003352 285.0679 297.1494  1.00270601 39814
NSS-7
1 27414U 02019A   23072.31924427 -.00000153  00000+0  00000+0 0  9994
2 27414   6.5286  69.0349 0002729 283.6398 272.9330  1.00272204 76611
AQUA
1 27424U 02022A   23073.16982253  .00002162  00000+0  48249-3 0  9996
2 27424  98.2778  17.9818 0002106  88.3741  28.3655 14.57818252109514
DIRECTV 5 (TEMPO 1)
1 27426U 02023A   23073.23958594 -.00000054  00000+0  00000+0 0  9996
2 27426   1.8123  89.9926 0003304 267.7972 149.9225  1.00271744 76361
INTELSAT 905 (IS-905)
1 27438U 02027A   23072.72298375 -.00000181  00000+0  00000+0 0  9991
2 27438   3.7335  83.7260 0002618 274.9183  48.2204  1.00271386 39419
GALAXY 3C (G-3C)
1 27445U 02030A   23072.56558346 -.00000148  00000+0  00000+0 0  9995
2 27445   0.6517  91.9596 0000653 319.4641 228.2658  1.00271907 34540
COSMOS 2390
1 27464U 02036A   23072.88229200  .00000005  00000+0 -37351-4 0  9997
2 27464  82.4888   9.8192 0025265 346.5462  13.4948 12.44585922939622
COSMOS 2391
1 27465U 02036B   23072.80479836  .00000023  00000+0  94801-4 0  9994
2 27465  82.4894   6.8910 0026253 342.6436  17.3746 12.44907716939843
INTELSAT 906 (IS-906)
1 27513U 02041A   23072.52552632  .00000018  00000+0  00000+0 0  9996
2 27513   2.7542  87.3661 0002668 255.8720  80.9662  1.00272845 75071
INTEGRAL
1 27540U 02048A   23071.10675439  .00000013  00000+0  00000+0 0  9992
2 27540  81.9608  43.9278 8809380 293.7711   7.9299  0.37568669 22157
TDRS 10
1 27566U 02055A   23072.80118774  .00000093  00000+0  00000+0 0  9998
2 27566   8.6985  48.3998 0008433 326.3106 273.7396  1.00276137 74289
NSS-6
1 27603U 02057A   23072.80882502  .00000111  00000+0  00000+0 0  9990
2 27603   2.2913  88.5101 0003396 267.6788 296.6313  1.00272606 74099
LATINSAT B
1 27606U 02058B   23072.21455027  .00001499  00000+0  23933-3 0  9991
2 27606  64.5561 292.4075 0088755 249.0594 110.0991 14.73133351 86270
SAUDISAT 1C (SO-50)
1 27607U 02058C   23072.77401128  .00003574  00000+0  50234-3 0  9996
2 27607  64.5556 197.3759 0076493 243.4910 115.8335 14.76925139 88131
LATINSAT A
1 27612U 02058H   23073.17901407  .00002506  00000+0  33819-3 0  9996
2 27612  64.5570  45.9679 0049422 232.3780 127.2834 14.80536444 91256
NIMIQ 2
1 27632U 02062A   23072.56270701 -.00000062  00000+0  00000+0 0  9999
2 27632   6.6309  68.4498 0004409 266.1472 289.7312  1.00272174 32236
CORIOLIS
1 27640U 03001A   23073.06267341  .00000315  00000+0  17094-3 0  9999
2 27640  98.7180  82.6909 0014927  45.3808  23.8535 14.19222552 45197
SORCE
1 27651U 03004A   23072.30688307  .00004994  00000+0  50472-3 0  9993
2 27651  39.9937 155.2244 0021644 207.1794 152.7864 14.91264219 93197
NAVSTAR 51 (USA 166)
1 27663U 03005A   23072.51899632  .00000063  00000+0  00000+0 0  9996
2 27663  55.3429 262.3640 0132414  43.8386 325.8994  2.00576080147419
USA 167
1 27691U 03008A   23072.55852310  .00000059  00000+0  00000+0 0  9991
2 27691   8.5726  52.8355 0001593 304.2779 244.8246  1.00271650 21008
NAVSTAR 52 (USA 168)
1 27704U 03010A   23073.24150720 -.00000074  00000+0  00000+0 0  9990
2 27704  55.0971  12.3976 0249747 313.8989  76.4120  2.00567221146210
USA 169 (MILSTAR-2 4)
1 27711U 03012A   23072.71090958 -.00000190  00000+0  00000+0 0  9996
2 27711  10.5284  38.4979 0003345 315.9990 224.6559  1.00271092 19691
GALAXY 12 (G-12)
1 27715U 03013B   23072.70215135  .00000062  00000+0  00000+0 0  9993
2 27715   3.9436  82.6977 0002365 291.3264 280.8083  1.00272399 40142
ASIASAT 4
1 27718U 03014A   23072.84841299 -.00000219  00000+0  00000+0 0  9993
2 27718   1.6457  90.6800 0003428 268.1709 265.3068  1.00270216 33356
HELLAS-SAT 2
1 27811U 03020A   23072.87410767 -.00000079  00000+0  00000+0 0  9993
2 27811   4.3570  81.6565 0006265 266.7013 127.5425  1.00271960 72398
THURAYA-2
1 27825U 03026A   23072.52151674  .00000132  00000+0  00000+0 0  9994
2 27825   7.0798  34.5752 0002138 301.1719  66.8655  1.00273455 72405
OPTUS C1
1 27831U 03028B   23072.85396736 -.00000148  00000+0  00000+0 0  9997
2 27831   3.8749  83.4435 0005841 279.1376 271.7505  1.00270278 41115
MOST
1 27843U 03031D   23072.94793067  .00000264  00000+0  14253-3 0  9999
2 27843  98.7101  81.5935 0011100  90.8762 269.3687 14.20762991 21520
CUTE-1 (CO-55)
1 27844U 03031E   23072.46472587  .00000882  00000+0  41326-3 0  9995
2 27844  98.6812  81.1171 0010661  47.9548 312.2535 14.22674405 22124
CUBESAT XI-IV (CO-57)
1 27848U 03031J   23072.79503668  .00000733  00000+0  35008-3 0  9995
2 27848  98.6850  81.8927 0010718  60.7307 299.4940 14.22199987 21947
GALAXY 23 (G-23)
1 27854U 03034A   23072.63208286  .00000017  00000+0  00000+0 0  9991
2 27854   0.1157  99.7133 0002677 260.6899 277.1361  1.00271489 71799
SCISAT 1
1 27858U 03036A   23072.55087151  .00002052  00000+0  28899-3 0  9995
2 27858  73.9362  12.6520 0008082 338.0213  22.0613 14.77998896 55187
COSMOS 2400
1 27868U 03037A   23072.80372831  .00000021  00000+0  74064-4 0  9997
2 27868  82.4772 356.8508 0021953 139.9530 220.3174 12.45152964889371
COSMOS 2401
1 27869U 03037B   23072.74549753  .00000007  00000+0 -22891-4 0  9996
2 27869  82.4762 353.7838 0022660 136.9476 223.3383 12.45468480889597
USA 170
1 27875U 03040A   23072.28922772 -.00000267  00000+0  00000+0 0  9993
2 27875   7.9492  57.9992 0002673 331.5861 202.8173  1.00268897 21016
MOZHAYETS 4 (RS-22)
1 27939U 03042A   23073.04685867  .00003200  00000+0  56571-3 0  9999
2 27939  98.2254 219.3951 0013465  79.2988 280.9703 14.68041611 40582
GALAXY 13 (HORIZONS-1)
1 27954U 03044A   23073.22992025  .00000050  00000+0  00000+0 0  9997
2 27954   0.0040 178.4530 0001851 186.0751 122.7986  1.00270857 71210
IRS-P6 (RESOURCESAT-1)
1 28051U 03046A   23073.09361238  .00000690  00000+0  25622-3 0  9990
2 28051  98.3700 141.1878 0057681 295.7328  63.7913 14.34284787  9677
DMSP 5D-3 F16 (USA 172)
1 28054U 03048A   23073.24010244  .00000368  00000+0  21840-3 0  9990
2 28054  99.0102  70.7252 0006267 277.0884  93.8272 14.13770841  1145
CHUANGXIN 1 (CX-1)
1 28058U 03049B   23073.18802771  .00000538  00000+0  15949-3 0  9994
2 28058  98.6601 299.0869 0012676 182.7378 177.3746 14.47300704 23938
YAMAL 202
1 28089U 03053A   23072.76046463 -.00000075  00000+0  00000+0 0  9999
2 28089   3.3131  85.0320 0003023 268.7410 254.6306  1.00272655 70735
UFO 11 (USA 174)
1 28117U 03057A   23072.96577251 -.00000098  00000+0  00000+0 0  9996
2 28117   7.3670  37.6809 0003851 349.9934 206.7349  1.00273534 70479
NAVSTAR 53 (USA 175)
1 28129U 03058A   23072.28422425  .00000000  00000+0  00000+0 0  9999
2 28129  54.1068  70.3399 0070473 323.2414  36.2984  2.00571507140889
USA 176 (DSP 22)
1 28158U 04004A   23072.96021813 -.00000213  00000+0  00000+0 0  9991
2 28158  10.4438  33.7517 0000572 317.4494 253.1625  1.00270222 19660
ABS-4 (MOBISAT-1)
1 28184U 04007A   23072.97132670  .00000044  00000+0  00000+0 0  9999
2 28184   3.0042  86.1395 0005345 267.6639 228.1909  1.00269737 69632
EUTELSAT 7A
1 28187U 04008A   23073.05118656  .00000107  00000+0  00000+0 0  9991
2 28187   2.7876  85.6080 0004181 271.1123  53.8878  1.00271510 69636
NAVSTAR 54 (USA 177)
1 28190U 04009A   23072.59730115 -.00000045  00000+0  00000+0 0  9996
2 28190  55.8228 323.4009 0090089 129.9218  94.4059  2.00571242139042
SHIYAN 1 (SY-1)
1 28220U 04012A   23073.00455625  .00008624  00000+0  62199-3 0  9992
2 28220  97.9918  78.2909 0012157 140.1938 220.0180 15.04337219 30681
AMC-11 (GE-11)
1 28252U 04017A   23073.23925765 -.00000047  00000+0  00000+0 0  9995
2 28252   0.0429 335.0129 0002518 345.1925 186.3972  1.00271411 68764
INTELSAT 10-02
1 28358U 04022A   23071.91299440 -.00000005  00000+0  00000+0 0  9999
2 28358   0.0342 260.5066 0000913 117.3012 120.1449  1.00271852 68595
NAVSTAR 55 (USA 178)
1 28361U 04023A   23071.53642861  .00000022  00000+0  00000+0 0  9999
2 28361  54.2415 135.0207 0146395 267.2588  93.1034  2.00576118137132
APRIZESAT 2
1 28366U 04025A   23073.19473275  .00000480  00000+0  16576-3 0  9998
2 28366  98.1300 293.0182 0106165 243.1988 115.8310 14.36950728980558
SAUDICOMSAT 1
1 28369U 04025D   23072.36308155  .00001496  00000+0  37038-3 0  9997
2 28369  98.4811  41.2918 0034593  72.3380 288.1588 14.53109812990892
SAUDICOMSAT 2
1 28370U 04025E   23072.38089907  .00001196  00000+0  32864-3 0  9991
2 28370  98.5729  41.0058 0056121 267.3880  92.0887 14.47984326987544
SAUDISAT 2
1 28371U 04025F   23073.13316060  .00001430  00000+0  34306-3 0  9993
2 28371  98.4187  36.0077 0025535 358.0304   2.0801 14.54811377992491
APRIZESAT 1
1 28372U 04025G   23072.33158305  .00000894  00000+0  23971-3 0  9990
2 28372  98.5338  40.8840 0046188 176.0687 184.0879 14.50038166989069
AURA
1 28376U 04026A   23073.16156073  .00002118  00000+0  47868-3 0  9999
2 28376  98.2400  18.0353 0001825  81.1700 278.9705 14.57237434992541
ANIK F2
1 28378U 04027A   23072.70563795 -.00000046  00000+0  00000+0 0  9996
2 28378   0.3047  91.4171 0002208 311.1526 271.4025  1.00271955 68407
COSMOS 2407
1 28380U 04028A   23072.91637293  .00000112  00000+0  99450-4 0  9993
2 28380  82.9584 236.9127 0038862 345.6927 126.9039 13.76142092936016
SHIJIAN-6 01A (SJ-6 01A)
1 28413U 04035A   23072.51226306  .00007254  00000+0  63786-3 0  9999
2 28413  97.6929  93.6210 0010611 233.1974 126.8254 14.96787731  8246
SHIJIAN-6 01B (SJ-6 01B)
1 28414U 04035B   23073.26358146  .00002545  00000+0  23655-3 0  9990
2 28414  97.7003  94.0307 0005393 216.9299 143.1544 14.95231597  8262
COSMOS 2408
1 28419U 04037A   23072.81207282  .00000028  00000+0  12814-3 0  9990
2 28419  82.4906 352.1637 0016519   3.5217 356.5981 12.45637324839747
COSMOS 2409
1 28420U 04037B   23072.75633281  .00000021  00000+0  77305-4 0  9997
2 28420  82.4910 354.9160 0014345  13.3445 346.8016 12.45288534839535
AMC-15
1 28446U 04041A   23072.63522079 -.00000084  00000+0  00000+0 0  9992
2 28446   0.0447 329.7961 0002368  27.5921 297.2207  1.00271512 67363
JB-3 3 (ZY 2C)
1 28470U 04044A   23073.15418247  .00006080  00000+0  41378-3 0  9999
2 28470  97.2154 274.3015 0044051  35.7258 324.6904 15.05842057  7795
NAVSTAR 56 (USA 180)
1 28474U 04045A   23072.20874302 -.00000071  00000+0  00000+0 0  9995
2 28474  55.4217  12.6819 0201347 284.2025 229.4037  2.00562735134520
SWIFT
1 28485U 04047A   23072.46076468  .00011614  00000+0  67855-3 0  9993
2 28485  20.5561 218.9111 0010494 113.4294 246.7245 15.09282675  4125
HELIOS 2A
1 28492U 04049A   23073.11298552  .00005844  00000+0  54909-3 0  9990
2 28492  98.2700  34.3828 0012561 277.8443  82.1349 14.94291722975370
NANOSAT-1
1 28493U 04049B   23072.76206128  .00002667  00000+0  40737-3 0  9993
2 28493  98.1149 178.9214 0005177 142.3864 217.7707 14.74637761979541
COSMOS 2414
1 28521U 05002A   23072.91985491  .00000172  00000+0  13099-3 0  9999
2 28521  82.9493 224.4862 0041352 125.0208 235.4847 13.87691971918920
NSS-10 (AMC-12)
1 28526U 05003A   23072.94771799 -.00000248  00000+0  00000+0 0  9991
2 28526   3.4517  84.4184 0003083 263.0673 127.5371  1.00270433 66373
XTAR-EUR
1 28542U 05005A   23072.70064729  .00000155  00000+0  00000+0 0  9999
2 28542   1.2587  91.4293 0003516 262.1294  98.7173  1.00271821 66240
XM-3 (RHYTHM)
1 28626U 05008A   23072.56750109 -.00000200  00000+0  00000+0 0  9995
2 28626   0.0155 261.0813 0000264 215.1035 173.9122  1.00269090 30675
INMARSAT 4-F1
1 28628U 05009A   23072.71090958 -.00000256  00000+0  00000+0 0  9995
2 28628   3.8267  37.6668 0003008 325.9466 206.8811  1.00271161 65721
IRS-P5 (CARTOSAT-1)
1 28649U 05017A   23072.71585525  .00002732  00000+0  32722-3 0  9996
2 28649  97.6803 128.9464 0002523  73.1352 287.0140 14.84884280966685
NOAA 18
1 28654U 05018A   23073.10374027  .00000355  00000+0  21490-3 0  9999
2 28654  98.9168 147.9342 0013242 289.7138  70.2605 14.12886289918140
DIRECTV 8
1 28659U 05019A   23073.23443015  .00000003  00000+0  00000+0 0  9993
2 28659   0.0162 239.4323 0003126 128.8315 128.6646  1.00272166 65242
GALAXY 28 (G-28)
1 28702U 05022A   23072.63844589 -.00000181  00000+0  00000+0 0  9998
2 28702   0.2192  91.4536 0003199 265.6061 314.7773  1.00271347 40035
SJ-7
1 28737U 05024A   23072.89392533  .00007310  00000+0  59540-3 0  9990
2 28737  97.7314  73.2155 0032557 135.1038 225.2826 14.99384982968339
THAICOM 4
1 28786U 05028A   23072.94354963 -.00000359  00000+0  00000+0 0  9999
2 28786   0.0225 147.6446 0002046 213.7375 269.0712  1.00267239 64382
GALAXY 14 (G-14)
1 28790U 05030A   23073.00327024  .00000158  00000+0  00000+0 0  9999
2 28790   1.9441  89.2294 0002118 267.1855 209.0083  1.00272410 64354
REIMEI (INDEX)
1 28810U 05031B   23072.50897770  .00005204  00000+0  50322-3 0  9990
2 28810  98.0209 145.4443 0027349 148.7469 211.5383 14.92963737952233
ANIK F1R
1 28868U 05036A   23072.63478497 -.00000070  00000+0  00000+0 0  9994
2 28868   1.2419  91.0330 0001961 297.0762 264.0983  1.00271766 34501
NAVSTAR 57 (USA 183)
1 28874U 05038A   23072.50794929 -.00000040  00000+0  00000+0 0  9997
2 28874  55.8790 320.8490 0138309 278.8009 267.3466  2.00557263127935
GALAXY 15 (G-15)
1 28884U 05041A   23072.63443631 -.00000061  00000+0  00000+0 0  9990
2 28884   0.4978  92.3428 0002479 268.0203 290.0922  1.00284606 63663
SYRACUSE 3A
1 28885U 05041B   23072.94354770  .00000132  00000+0  00000+0 0  9998
2 28885   1.8019  90.1452 0003237 258.0743 209.7438  1.00273766 63786
BEIJING 1
1 28890U 05043A   23073.07687976  .00001054  00000+0  22069-3 0  9995
2 28890  98.1431 196.0238 0015924  53.5572 306.7065 14.61693120926526
SINAH 1
1 28893U 05043D   23073.22017626  .00001147  00000+0  23784-3 0  9992
2 28893  98.1373 197.2384 0015859  50.4137 309.8462 14.61979647926626
CUBESAT XI-V
1 28895U 05043F   23072.89155245  .00003171  00000+0  59673-3 0  9991
2 28895  98.1365 205.7944 0016406  16.3978 343.7753 14.65207595926854
INMARSAT 4-F2
1 28899U 05044A   23072.97132670  .00000014  00000+0  00000+0 0  9991
2 28899   3.7224  39.6168 0002882 323.5051 221.7745  1.00272082 63557
SPACEWAY 2
1 28903U 05046B   23072.32185431  .00000108  00000+0  00000+0 0  9995
2 28903   2.5211  85.2301 0000394 253.3300 169.0539  1.00272384 39390
COSMOS 2416
1 28908U 05048A   23073.24268479  .00000059  00000+0  29770-3 0  9992
2 28908  82.4742 349.2009 0007333 317.2709 160.4922 12.55531662789451
METEOSAT-9 (MSG-2)
1 28912U 05049B   23072.59356337  .00000132  00000+0  00000+0 0  9999
2 28912   6.6279  64.4519 0001784 178.8247 187.0310  1.00271038 63102
EUTELSAT 174A
1 28924U 05052A   23072.84007672  .00000013  00000+0  00000+0 0  9997
2 28924   1.1832  90.5970 0006265 266.8496 290.1636  1.00272489 40387
ECHOSTAR 10
1 28935U 06003A   23072.70563795 -.00000051  00000+0  00000+0 0  9997
2 28935   0.0427 304.1759 0001626  77.8932 292.8111  1.00270991 62520
SPAINSAT
1 28945U 06007A   23072.60831912 -.00000212  00000+0  00000+0 0  9999
2 28945   0.0243 218.5045 0003724 109.1298  32.3332  1.00270876 62263
EUTELSAT HOTBIRD 13E
1 28946U 06007B   23072.73047992  .00000091  00000+0  00000+0 0  9995
2 28946   0.0442 187.7004 0002710 156.5829 102.7448  1.00271559 62378
JCSAT-5A
1 29045U 06010A   23072.84632624 -.00000325  00000+0  00000+0 0  9995
2 29045   0.0227 239.5612 0001902 131.1847 237.1752  1.00269516 61822
ASTRA 1KR
1 29055U 06012A   23072.65997560  .00000123  00000+0  00000+0 0  9995
2 29055   0.0650 278.1046 0002754  21.7760 127.8845  1.00269545 33770
EROS B
1 29079U 06014A   23073.22209821  .00044420  00000+0  17253-2 0  9992
2 29079  97.3633 194.6369 0010604  21.3053  39.5129 15.25881780937466
CLOUDSAT
1 29107U 06016A   23072.89973319  .00001108  00000+0  22244-3 0  9991
2 29107  98.3657  41.1772 0003085 150.1228 210.0150 14.63686344898432
CALIPSO
1 29108U 06016B   23072.89947936  .00003136  00000+0  61151-3 0  9991
2 29108  98.3647  40.6644 0001450  81.4434 278.6931 14.63720949898429
EWS-G1 (GOES 13)
1 29155U 06018A   23072.41021814  .00000042  00000+0  00000+0 0  9996
2 29155   1.2812  92.2158 0002722 180.7701 106.7735  1.00274636 31420
EUTELSAT 113 WEST A
1 29162U 06020A   23072.63365183 -.00000033  00000+0  00000+0 0  9992
2 29162   0.0263 285.2177 0003225  79.2112 281.6652  1.00272632 61526
RESURS-DK 1
1 29228U 06021A   23073.11005449  .00004189  00000+0  30690-3 0  9993
2 29228  69.9364 161.3825 0005372 329.3066  30.7781 15.04314253922944
GALAXY 16 (G-16)
1 29236U 06023A   23072.99910537 -.00000124  00000+0  00000+0 0  9996
2 29236   0.0456 262.5141 0002670  96.6595  72.8427  1.00271247 61321
GENESIS 1
1 29252U 06029A   23072.90565665  .00013281  00000+0  53296-3 0  9995
2 29252  64.5203 264.2937 0038048 222.5655 137.2521 15.24591053920057
ARIRANG-2 (KOMPSAT-2)
1 29268U 06031A   23073.08537930  .00001032  00000+0  20985-3 0  9999
2 29268  97.9184 296.2994 0013832 242.9856 116.9936 14.63015570887315
EUTELSAT HOTBIRD 13B
1 29270U 06032A   23072.73047992  .00000090  00000+0  00000+0 0  9993
2 29270   0.0585 348.7838 0005377   3.4604  94.7884  1.00271055 35368
JCSAT-3A
1 29272U 06033A   23072.93799545 -.00000342  00000+0  00000+0 0  9997
2 29272   0.0178 169.3384 0002055 192.0029 275.6204  1.00269363 60810
SYRACUSE 3B
1 29273U 06033B   23072.65509437 -.00000040  00000+0  00000+0 0  9991
2 29273   0.0119 163.4179 0004481 198.1609  40.0509  1.00271527 60759
KOREASAT 5 (MUGUNGWHA 5)
1 29349U 06034A   23072.88452043 -.00000355  00000+0  00000+0 0  9990
2 29349   0.0206 215.8679 0001440 147.8011 239.0482  1.00270396 60682
HINODE (SOLAR-B)
1 29479U 06041A   23072.54805300  .00001551  00000+0  29615-3 0  9998
2 29479  98.1126  89.1966 0019758  97.8879 262.4568 14.65232926880152
NAVSTAR 58 (USA 190)
1 29486U 06042A   23072.52480538  .00000039  00000+0  00000+0 0  9990
2 29486  54.6932 198.5857 0105203  28.7070  84.1418  2.00504021120494
DIRECTV 9S
1 29494U 06043A   23072.63591811 -.00000109  00000+0  00000+0 0  9998
2 29494   0.0148 123.7874 0003284 241.7246 293.2042  1.00271520 39437
OPTUS D1
1 29495U 06043B   23072.92132696 -.00000108  00000+0  00000+0 0  9992
2 29495   0.0544 284.6167 0003469  76.3234 302.0099  1.00269301 60196
SHIJIAN-6 02A (SJ-6 02A)
1 29505U 06046A   23073.04448131  .00008148  00000+0  69691-3 0  9991
2 29505  97.7598  97.2751 0003676 320.8880  39.2067 14.97870333893024
SHIJIAN-6 02B (SJ-6 02B)
1 29506U 06046B   23073.06938722  .00003591  00000+0  33573-3 0  9991
2 29506  97.7790  97.1083 0002965  64.9736 295.1796 14.94750810892409
XM-4 (BLUES)
1 29520U 06049A   23073.03868920 -.00000253  00000+0  00000+0 0  9997
2 29520   0.0984 299.3086 0000697  83.1493 123.8493  1.00271730 60050
DMSP 5D-3 F17 (USA 191)
1 29522U 06050A   23073.21676730  .00000421  00000+0  24365-3 0  9997
2 29522  98.7596  88.0930 0009390 207.4203 152.6476 14.14206924844036
BADR-4
1 29526U 06051A   23072.73309486  .00000148  00000+0  00000+0 0  9991
2 29526   0.0154  28.3134 0005639 322.2641 110.4121  1.00273168 39325
NAVSTAR 59 (USA 192)
1 29601U 06052A   23072.81458953  .00000065  00000+0  00000+0 0  9997
2 29601  55.3582 261.3021 0087095  76.8338 284.1422  2.00566962119557
WILDBLUE-1
1 29643U 06054A   23073.23925755 -.00000047  00000+0  00000+0 0  9992
2 29643   0.0148 210.2127 0001700 144.4812 151.8396  1.00271937 59609
AMC-18
1 29644U 06054B   23072.98799390 -.00000213  00000+0  00000+0 0  9993
2 29644   0.0415 318.9967 0002246  28.4042  96.6173  1.00271116 59582
LAPAN-TUBSAT
1 29709U 07001A   23073.10462534  .00002065  00000+0  26104-3 0  9993
2 29709  98.0069  40.3839 0014022  98.4164 261.8635 14.82901225874463
CARTOSAT-2 (IRS-P7)
1 29710U 07001B   23072.91857152  .00059345  00000+0  10246-2 0  9999
2 29710  97.8777 201.4898 0116863 185.1567 174.8486 15.43422442877568
THEMIS A
1 30580U 07004A   23069.86416667 -.00000562  00000+0 -27991-1 0  9994
2 30580  11.8660 314.9761 8350939 223.1152 343.9729  0.87833066 30779
SKYNET 5A
1 30794U 07007B   23073.02896602 -.00000268  00000+0  00000+0 0  9990
2 30794   2.2491  87.6316 0003488 269.0280 280.3207  1.00269915 58709
THEMIS D
1 30797U 07004D   23069.86858796 -.00000524  00000+0  00000+0 0  9994
2 30797   8.0124 302.2414 8302178 239.1193 347.0016  0.87772332 54993
THEMIS E
1 30798U 07004E   23069.87141204 -.00000521  00000+0  00000+0 0  9992
2 30798   9.1959 319.9534 8301889 223.2083 352.1343  0.87831041 55411
ANIK F3
1 31102U 07009A   23072.70424331  .00000003  00000+0  00000+0 0  9992
2 31102   0.0208 160.3785 0002520 207.1490 298.3531  1.00269803 34615
HAIYANG-1B
1 31113U 07010A   23073.01165853  .00000257  00000+0  11475-3 0  9995
2 31113  98.3036  91.1490 0014707 130.9469 229.2990 14.30394979831043
SAUDISAT 3
1 31118U 07012B   23072.28319302  .00001065  00000+0  18721-3 0  9999
2 31118  98.0033  18.3424 0016355  62.3801 297.9063 14.69566476852589
SAUDICOMSAT 7
1 31119U 07012C   23072.82507831  .00002045  00000+0  40297-3 0  9998
2 31119  98.2187  21.6851 0058557 329.2914  30.4865 14.62546762848071
SAUDICOMSAT 6
1 31121U 07012E   23073.09552893  .00001668  00000+0  34892-3 0  9993
2 31121  98.2565  17.1654 0077176  74.2818 286.6878 14.59269304846339
SAUDICOMSAT 5
1 31124U 07012H   23072.84540658  .00001846  00000+0  35315-3 0  9993
2 31124  98.1884  23.0453 0049414 271.6517  87.9026 14.64313898849076
SAUDICOMSAT 3
1 31125U 07012J   23073.11087883  .00001888  00000+0  34780-3 0  9992
2 31125  98.1548  24.4894 0041637 212.3177 147.5475 14.66206746850080
SAUDICOMSAT 4
1 31127U 07012L   23072.83100039  .00002071  00000+0  41851-3 0  9993
2 31127  98.2406  20.1449 0067794  19.7900 340.5907 14.61032104847205
AGILE
1 31135U 07013A   23072.10132705  .00040699  00000+0  74289-3 0  9997
2 31135   2.4649 263.3257 0008773  25.4773 334.5714 15.47001700518478
AIM
1 31304U 07015A   23072.90258809  .00030495  00000+0  12035-2 0  9992
2 31304  97.8649   8.3894 0005229 132.2604 227.9077 15.25478592872137
ASTRA 1L
1 31306U 07016A   23072.65997560  .00000123  00000+0  00000+0 0  9992
2 31306   0.0781 305.9355 0005237  14.6178 107.2413  1.00269015 33058
GALAXY 17 (G-17)
1 31307U 07016B   23072.63801007 -.00000170  00000+0  00000+0 0  9994
2 31307   0.0233 255.5000 0001073  92.7506 321.4119  1.00273023 57855
YAOGAN 2
1 31490U 07019A   23073.03654842  .00002584  00000+0  36423-3 0  9990
2 31490  98.2818 236.9387 0020700 142.9587 217.3057 14.78039368851387
GLOBALSTAR M065
1 31571U 07020A   23072.35501866 -.00000056  00000+0  26423-3 0  9995
2 31571  51.9895 222.8021 0001464 121.7794 248.8039 12.62269034729017
GLOBALSTAR M069
1 31573U 07020C   23072.20935212 -.00000053  00000+0  28082-3 0  9997
2 31573  51.9945 179.6136 0001333 123.4508 244.5900 12.62271615730119
GLOBALSTAR M072
1 31574U 07020D   23072.52457507 -.00000063  00000+0  22831-3 0  9996
2 31574  52.0075 274.1789 0001000  63.3267 317.1953 12.62269893728427
GLOBALSTAR M071
1 31576U 07020F   23072.32111545 -.00000048  00000+0  30951-3 0  9990
2 31576  52.0058 184.0783 0001823 111.3743 283.8780 12.62270633391314
COSMO-SKYMED 1
1 31598U 07023A   23073.10659790 -.00003119  00000+0 -38556-3 0  9995
2 31598  97.8912 257.9557 0001260  90.7896 269.3372 14.82143261852900
TERRASAR-X
1 31698U 07026A   23073.23951589 -.00000907  00000+0 -40000-4 0  9994
2 31698  97.4459  81.9716 0001732  99.5199 326.4416 15.19144163873070
GENESIS 2
1 31789U 07028A   23073.05094140  .00011326  00000+0  45881-3 0  9994
2 31789  64.4964 307.7162 0059059 274.3298  85.1081 15.23443658866961
COSMOS 2428
1 31792U 07029A   23073.07485657 -.00000179  00000+0 -71037-4 0  9997
2 31792  70.9426 334.3785 0009736 357.6870   2.4204 14.12567355810006
ZHONGXING-6B
1 31800U 07031A   23073.23921140 -.00000359  00000+0  00000+0 0  9996
2 31800   0.0096 182.7191 0003772 168.4403  22.0491  1.00273285 57539
DIRECTV 10
1 31862U 07032A   23073.24333663 -.00000101  00000+0  00000+0 0  9998
2 31862   0.0309 346.8593 0000228  64.3242 105.1967  1.00270834 57461
SPACEWAY 3
1 32018U 07036A   23072.89702480 -.00000148  00000+0  00000+0 0  9994
2 32018   0.9073  90.6024 0000310 283.5944  25.0187  1.00271276 34607
BSAT-3A
1 32019U 07036B   23072.63938553 -.00000346  00000+0  00000+0 0  9999
2 32019   0.0686 240.3185 0001255  36.0161 234.6806  1.00271335 38574
WORLDVIEW-1 (WV-1)
1 32060U 07041A   23072.91759750  .00013491  00000+0  55262-3 0  9990
2 32060  97.3844 193.6861 0007695 255.8415 104.1967 15.24385632861449
OPTUS D2
1 32252U 07044A   23072.85396736 -.00000180  00000+0  00000+0 0  9998
2 32252   0.0408 286.8843 0003658  71.9769 271.7742  1.00270750 56494
INTELSAT 11 (IS-11)
1 32253U 07044B   23072.50417094 -.00000264  00000+0  00000+0 0  9995
2 32253   0.4713  93.2384 0003072 270.1461 305.9654  1.00270894 56547
WGS F1 (USA 195)
1 32258U 07046A   23072.90257744  .00000044  00000+0  00000+0 0  9995
2 32258   0.0193 138.7707 0000811 238.9247 124.4963  1.00269252 56370
NAVSTAR 60 (USA 196)
1 32260U 07047A   23072.61795512  .00000015  00000+0  00000+0 0  9995
2 32260  53.3963 129.3830 0145393  67.4465 294.1590  2.00561235112937
GLOBALSTAR M067
1 32263U 07048A   23072.90873557 -.00000058  00000+0  29454-3 0  9993
2 32263  51.9722 293.5771 0001417  45.8029  56.4839 12.40621858706925
GLOBALSTAR M070
1 32264U 07048B   23073.17447084 -.00000064  00000+0  22107-3 0  9991
2 32264  51.9738 124.7574 0000900 107.5182 269.3156 12.62268804710330
GLOBALSTAR M066
1 32265U 07048C   23072.90590625 -.00000033  00000+0  39355-3 0  9991
2 32265  51.9707 347.7380 0000267 302.6073 133.2398 12.62263588712526
COSMOS 2433 [GLONASS-M]
1 32275U 07052A   23072.73717383 -.00000061  00000+0  00000+0 0  9992
2 32275  66.0569 355.7316 0003364 285.2995 281.0891  2.13104104119702
COSMOS 2432 [GLONASS-M]
1 32276U 07052B   23072.80569234 -.00000061  00000+0  00000+0 0  9991
2 32276  66.0715 355.8359 0012013 328.3112 238.2022  2.13103461119700
YAOGAN 3
1 32289U 07055A   23073.04767168  .00004637  00000+0  58569-3 0  9990
2 32289  97.9292  97.6447 0001408  86.0544 274.0820 14.82368283828962
SKYNET 5B
1 32294U 07056B   23072.73283337  .00000145  00000+0  00000+0 0  9996
2 32294   2.2057  86.9634 0003934 264.3884 108.6255  1.00273467 56253
ASTRA 4A (SIRIUS 4)
1 32299U 07057A   23072.72882380  .00000036  00000+0  00000+0 0  9993
2 32299   0.0420 333.1986 0002389  16.6098  88.4468  1.00272349 39714
COSMO-SKYMED 2
1 32376U 07059A   23073.07284479 -.00007418  00000+0 -92722-3 0  9994
2 32376  97.8911 257.9222 0001602 102.3544 257.8036 14.82113587825641
RADARSAT-2
1 32382U 07061A   23073.14871742  .00000020  00000+0  24807-4 0  9997
2 32382  98.5793  81.1638 0001154 101.3440 334.5862 14.29982209795842
NAVSTAR 61 (USA 199)
1 32384U 07062A   23072.89755351 -.00000041  00000+0  00000+0 0  9996
2 32384  56.0059 321.6305 0021280 141.1150 190.9614  2.00576217111679
HORIZONS-2
1 32388U 07063B   23072.56976737 -.00000249  00000+0  00000+0 0  9998
2 32388   0.0226 146.7484 0002338 227.4530 288.0470  1.00269868 55862
COSMOS 2434 [GLONASS-M]
1 32393U 07065A   23072.36292612  .00000082  00000+0  00000+0 0  9991
2 32393  64.3507 232.2564 0005001  77.1675  92.6349  2.13103090118406
COSMOS 2436 [GLONASS-M]
1 32395U 07065C   23071.79585939  .00000081  00000+0  00000+0 0  9995
2 32395  64.3579 232.3356 0016856   8.6708 221.7320  2.13102896118321
THURAYA-3
1 32404U 08001A   23072.81993896 -.00000297  00000+0  00000+0 0  9996
2 32404   4.2983  27.2196 0002344 335.0790 202.5532  1.00271014 55542
EXPRESS-AM33
1 32478U 08003A   23072.55879642 -.00000048  00000+0  00000+0 0  9996
2 32478   1.7376  89.7300 0002773 223.4304  52.3985  1.00282452 41780
THOR 5
1 32487U 08006A   23072.72769066 -.00000005  00000+0  00000+0 0  9999
2 32487   0.0378 256.1679 0002354 101.6146  74.5017  1.00271838 55355
AMC-14
1 32708U 08011A   23072.58789765  .00000080  00000+0  00000+0 0  9995
2 32708  22.4662  34.8803 0043322 355.6571   9.5470  1.00274405 56151
NAVSTAR 62 (USA 201)
1 32711U 08012A   23072.03197624  .00000040  00000+0  00000+0 0  9993
2 32711  54.4581 197.4790 0170709 233.5624 124.8394  2.00552527109840
DIRECTV 11
1 32729U 08013A   23072.63644110 -.00000121  00000+0  00000+0 0  9997
2 32729   0.0304 355.7838 0000194 175.7182 129.4159  1.00271474 33649
ICO G1
1 32763U 08016A   23072.89702480 -.00000167  00000+0  00000+0 0  9991
2 32763   4.3002  30.2754 0002397 330.7878  40.2495  1.00271723 54602
VINASAT-1
1 32767U 08018A   23071.89915175 -.00000323  00000+0  00000+0 0  9997
2 32767   0.0110 177.2883 0002041 216.8840 231.7456  1.00269602 54644
STAR ONE C2
1 32768U 08018B   23072.57151067 -.00000272  00000+0  00000+0 0  9999
2 32768   0.0429   8.7743 0002488 351.3353 311.5544  1.00271611 54727
CARTOSAT-2A
1 32783U 08021A   23073.08257033  .00002335  00000+0  32487-3 0  9996
2 32783  97.9270 135.0315 0012364  20.4468 339.7236 14.78713108802864
AAUSAT-II
1 32788U 08021F   23072.40472040  .00015240  00000+0  11805-2 0  9992
2 32788  97.5582  54.1501 0005483 336.7529  23.3447 15.01506238808726
DELFI-C3 (DO-64)
1 32789U 08021G   23073.03744058  .00051482  00000+0  19869-2 0  9990
2 32789  97.3165  95.8366 0010513 103.7996 256.4413 15.26056286812922
CANX-2
1 32790U 08021H   23072.90446280  .00005853  00000+0  60151-3 0  9995
2 32790  97.7070  39.8123 0014888  69.6293 290.6524 14.90638392806471
SEEDS II (CO-66)
1 32791U 08021J   23072.36222910  .00010141  00000+0  92452-3 0  9993
2 32791  97.6473  45.7595 0013090  22.7303 337.4495 14.95244004807413
AMOS-3
1 32794U 08022A   23072.58353941 -.00000031  00000+0  00000+0 0  9992
2 32794   0.0399 259.1909 0002099 107.0540  10.6173  1.00270938 70386
GALAXY 18 (G-18)
1 32951U 08024A   23072.63164705  .00000029  00000+0  00000+0 0  9999
2 32951   0.0175 152.2210 0003050 216.1013 267.0498  1.00272038 33904
YUBILEINY (RS-30)
1 32953U 08025A   23072.91404093  .00000024  00000+0  10000-3 0  9990
2 32953  82.5085  16.3461 0020414  34.1139 326.1251 12.43120226671811
COSMOS 2437
1 32954U 08025B   23072.86119555  .00000023  00000+0  91653-4 0  9994
2 32954  82.5053  18.0062 0021577  49.1589 311.1356 12.42721851671628
COSMOS 2438
1 32955U 08025C   23072.79877238  .00000023  00000+0  90953-4 0  9998
2 32955  82.5060  14.2413 0021983  27.9898 332.2369 12.43327926671942
COSMOS 2439
1 32956U 08025D   23072.81053011  .00000003  00000+0 -52912-4 0  9999
2 32956  82.5113  18.3047 0021704  36.7780 323.4784 12.43029553671789
FENGYUN 3A
1 32958U 08026A   23072.30535962  .00000425  00000+0  22477-3 0  9995
2 32958  98.5436  29.4981 0008285 332.9906  27.0839 14.18825300766349
CHINASAT 9 (ZX 9)
1 33051U 08028A   23072.24331860 -.00000242  00000+0  00000+0 0  9998
2 33051   0.0145 181.1517 0004460 175.9537 353.3144  1.00270918 54054
FGRST (GLAST)
1 33053U 08029A   23072.52086046  .00005082  00000+0  25998-3 0  9998
2 33053  25.5820 131.1355 0012017  62.3312 297.8442 15.13424436814489
SKYNET 5C
1 33055U 08030A   23072.72437840 -.00000136  00000+0  00000+0 0  9995
2 33055   0.7198  88.0352 0005007 274.5189  51.4844  1.00272153 54003
TURKSAT 3A
1 33056U 08030B   23073.04563350  .00000149  00000+0  00000+0 0  9991
2 33056   0.0302 125.5349 0003573 242.1379 222.1285  1.00270286 54130
INTELSAT 25 (IS-25)
1 33153U 08034A   23072.46090917 -.00000220  00000+0  00000+0 0  9993
2 33153   0.0164 131.1717 0002960 232.4846 301.5988  1.00269431 53687
BADR-6
1 33154U 08034B   23072.73309486  .00000148  00000+0  00000+0 0  9996
2 33154   0.0757  56.5249 0006394 329.5083  74.9424  1.00270883 53816
ECHOSTAR 11
1 33207U 08035A   23072.63426198 -.00000052  00000+0  00000+0 0  9990
2 33207   0.0391 282.5998 0002695  72.5705 294.1480  1.00271496 39270
SUPERBIRD-C2
1 33274U 08038A   23072.84841299 -.00000248  00000+0  00000+0 0  9990
2 33274   0.0122 152.7716 0001884 236.2988 231.5036  1.00271393 93787
AMC-21
1 33275U 08038B   23073.23292216  .00000038  00000+0  00000+0 0  9990
2 33275   0.0440 282.9099 0002601  82.2127 125.4044  1.00272336 53529
INMARSAT 4-F3
1 33278U 08039A   23073.24634222 -.00000137  00000+0  00000+0 0  9993
2 33278   3.4118  22.8935 0002696 334.5899 164.7873  1.00271943 53321
HUANJING 1A (HJ-1A)
1 33320U 08041A   23073.14207736  .00002536  00000+0  35473-3 0  9999
2 33320  97.6534  98.1963 0022303  75.6329 284.7350 14.78238797782221
HUANJING 1B (HJ-1B)
1 33321U 08041B   23073.15094982  .00003004  00000+0  41437-3 0  9996
2 33321  97.6671 102.3148 0035214  92.7337 267.7903 14.78459614782229
GEOEYE 1
1 33331U 08042A   23073.24697280  .00001600  00000+0  31025-3 0  9990
2 33331  98.0914 149.1228 0009987 148.9753 211.2054 14.64556461775852
NIMIQ 4
1 33373U 08044A   23072.98799390 -.00000218  00000+0  00000+0 0  9993
2 33373   0.0102 155.2230 0002385 197.1548  92.6262  1.00274266 52894
GALAXY 19 (G-19)
1 33376U 08045A   23072.56514763 -.00000135  00000+0  00000+0 0  9998
2 33376   0.0161 206.8907 0002830 150.5930 279.8743  1.00272389 52953
THEOS
1 33396U 08049A   23073.15442501  .00000301  00000+0  16202-3 0  9999
2 33396  98.7128 142.4076 0001123 116.7706 295.6527 14.20058458748945
SHIJIAN-6 03A (SJ-6 03A)
1 33408U 08053A   23073.03482261  .00009431  00000+0  80996-3 0  9996
2 33408  97.8777  62.9885 0018656  96.3057 264.0246 14.97539115783804
SHIJIAN-6 03B (SJ-6 03B)
1 33409U 08053B   23073.14349018  .00004278  00000+0  38247-3 0  9997
2 33409  97.8582  62.5379 0017425  59.2499 301.0419 14.96317732784166
COSMO-SKYMED 3
1 33412U 08054A   23073.06748332  .00007426  00000+0  71528-3 0  9992
2 33412  97.8885 262.2394 0016878 308.6517  51.3179 14.93135535778386
SHIYAN 3 (SY-3)
1 33433U 08056A   23073.03434317  .00000344  00000+0  15043-3 0  9991
2 33433  98.6946  89.3808 0014287  35.9984 324.2157 14.30001290748908
CHUANGXIN 1-02 (CX-1-02)
1 33434U 08056B   23073.11469814  .00000351  00000+0  15433-3 0  9992
2 33434  98.7005  89.2665 0014918  36.4905 323.7293 14.29608988748793
ASTRA 1M
1 33436U 08057A   23072.65997560  .00000123  00000+0  00000+0 0  9994
2 33436   0.0256 108.2765 0002278 309.1233  10.3396  1.00269935 33770
YAOGAN 4
1 33446U 08061A   23073.10695366  .00002953  00000+0  41606-3 0  9994
2 33446  97.8448  10.4825 0015618 346.8457  13.2345 14.77941120769411
CIEL-2
1 33453U 08063A   23073.23839022  .00000060  00000+0  00000+0 0  9993
2 33453   0.0097 169.0698 0002749 191.4392 128.0332  1.00271878 52185
EUTELSAT HOTBIRD 13C
1 33459U 08065A   23072.73047992  .00000090  00000+0  00000+0 0  9995
2 33459   0.0490  10.5630 0004227  12.5755  63.8916  1.00271377 35407
EUTELSAT 48D
1 33460U 08065B   23072.65369976 -.00000096  00000+0  00000+0 0  9994
2 33460   2.1423  89.2681 0003195 265.6867  38.8884  1.00271876 52000
FENGYUN 2E
1 33463U 08066A   23072.98868681 -.00000199  00000+0  00000+0 0  9995
2 33463   6.5049  63.6424 0002389 317.1050 233.1169  1.00269733 52147
GOSAT (IBUKI)
1 33492U 09002A   23072.67040246  .00002072  00000+0  37403-3 0  9995
2 33492  98.1311 188.2074 0001305 110.4848 249.6496 14.67524564757161
STARS (KUKAI)
1 33498U 09002G   23073.19614747  .00005197  00000+0  67186-3 0  9994
2 33498  98.1438 334.5224 0011920  99.4013 260.8547 14.81312525761765
KKS-1 (KISEKI)
1 33499U 09002H   23072.86925212  .00002600  00000+0  37876-3 0  9999
2 33499  98.1849 323.9277 0009002 164.2056 195.9436 14.76716579759996
NOAA 19
1 33591U 09005A   23073.13642762  .00000358  00000+0  21785-3 0  9992
2 33591  99.1137 117.4903 0014498 147.5677 212.6388 14.12708797726529
EXPRESS-AM44
1 33595U 09007A   23072.44007742 -.00000084  00000+0  00000+0 0  9994
2 33595   0.3860  90.8452 0004303 253.3144 334.0713  1.00272449 51606
NSS-9
1 33749U 09008A   23072.81438213  .00000075  00000+0  00000+0 0  9997
2 33749   0.0439 335.4241 0002156  12.2972 299.6878  1.00270490 51584
EUTELSAT 33E
1 33750U 09008B   23072.73448950  .00000159  00000+0  00000+0 0  9992
2 33750   0.0162 351.1002 0003764   4.2480 113.2757  1.00276717 51507
SPIRALE A
1 33751U 09008C   23072.51711285  .00000570  00000+0  16409-2 0  9993
2 33751   2.0900   1.0596 5472471  34.0204 351.2344  4.58952177207173
SPIRALE B
1 33752U 09008D   23072.19757988  .00006909  00000+0  19835-2 0  9996
2 33752   2.2237 334.7688 6842963  76.0010 346.2226  2.84127100132690
TELSTAR 11N
1 34111U 09009A   23072.50495543 -.00000246  00000+0  00000+0 0  9998
2 34111   0.0021  73.3815 0002522 281.5733 320.1377  1.00272098 34281
NAVSTAR 63 (USA 203)
1 34661U 09014A   23072.44485272  .00000064  00000+0  00000+0 0  9992
2 34661  54.8989 258.5079 0126869  56.7336 304.0790  2.00568245102371
EUTELSAT 10A
1 34710U 09016A   23072.72986977  .00000072  00000+0  00000+0 0  9997
2 34710   0.0296  47.4358 0006330 312.5325  83.8523  1.00273316 29292
WGS F2 (USA 204)
1 34713U 09017A   23072.09563333  .00000073  00000+0  00000+0 0  9999
2 34713   0.0099 156.0204 0000323 224.8946 241.4724  1.00270963 33669
YAOGAN 6
1 34839U 09021A   23072.35518238  .00015457  00000+0  47518-3 0  9997
2 34839  97.1165  45.9558 0026186  57.3905 302.9861 15.33427649772375
SES-7 (PROTOSTAR 2)
1 34941U 09027A   23072.88452043 -.00000342  00000+0  00000+0 0  9995
2 34941   0.0346  82.8558 0001534 220.5590 294.5147  1.00272506 50671
MEASAT-3A
1 35362U 09032A   23073.09771550 -.00000239  00000+0  00000+0 0  9995
2 35362   0.0451 231.2338 0001306  61.1380   5.7846  1.00271232 50285
GOES 14
1 35491U 09033A   23072.63469780 -.00000065  00000+0  00000+0 0  9994
2 35491   0.1091 125.9948 0005164 273.4111 252.1637  1.00269629 50161
FM-5
1 35493U 09034A   23072.89702480 -.00000196  00000+0  00000+0 0  9997
2 35493   0.0234 261.7893 0000830 305.7255 200.5240  1.00269571 34695
TERRESTAR-1
1 35496U 09035A   23072.63408765 -.00000051  00000+0  00000+0 0  9992
2 35496   3.6054  43.1679 0002863 308.3076 296.7861  1.00272289 50187
COSMOS 2451
1 35498U 09036A   23072.80006338  .00000048  00000+0  28151-3 0  9990
2 35498  82.4872 111.6091 0005920 279.4571  80.5836 12.40834935619940
COSMOS 2453
1 35500U 09036C   23072.83176836  .00000037  00000+0  19658-3 0  9998
2 35500  82.4861 108.0029 0006281 232.4110 127.6397 12.41480184620279
DEIMOS-1
1 35681U 09041A   23073.16233940  .00001580  00000+0  25677-3 0  9993
2 35681  97.6902 275.0312 0002725  80.7492 279.4011 14.72381204731450
DUBAISAT-1
1 35682U 09041B   23072.96295251  .00002621  00000+0  44687-3 0  9993
2 35682  97.8354 219.8824 0010385 291.7901  68.2164 14.69767630729860
UK-DMC 2
1 35683U 09041C   23073.09114601  .00002578  00000+0  41898-3 0  9990
2 35683  97.7187 236.9874 0001446 100.5547 259.5817 14.71902456731166
APRIZESAT 4
1 35684U 09041D   23072.48358061  .00001706  00000+0  22855-3 0  9997
2 35684  98.2954 100.1895 0045843 206.9253 152.9579 14.80120107734859
NANOSAT 1B
1 35685U 09041E   23072.88671158  .00003341  00000+0  38083-3 0  9994
2 35685  98.1291 147.1697 0058451 105.8653 254.9015 14.85618804737104
APRIZESAT 3
1 35686U 09041F   23072.23899787  .00002601  00000+0  27159-3 0  9994
2 35686  98.0948 169.8529 0071429  28.4377 332.0708 14.88778214738586
ASIASAT 5
1 35696U 09042A   23072.95466097 -.00000304  00000+0  00000+0 0  9990
2 35696   0.0404 257.9421 0001151  68.8807 288.6210  1.00271424 49724
NAVSTAR 64 (USA 206)
1 35752U 09043A   23072.71026664  .00000009  00000+0  00000+0 0  9991
2 35752  55.2888  74.7054 0055797  63.6070  78.5700  2.00568864 99466
JCSAT-12 (JCSAT-RA)
1 35755U 09044A   23072.93799545 -.00000325  00000+0  00000+0 0  9996
2 35755   0.0192 223.7090 0000543 240.4642 176.8079  1.00270327 49717
OPTUS D3
1 35756U 09044B   23072.92132696 -.00000144  00000+0  00000+0 0  9993
2 35756   0.0174   9.3018 0004391 350.3036 299.3554  1.00270417 49684
METEOR-M 1
1 35865U 09049A   23072.88679559  .00000468  00000+0  22913-3 0  9997
2 35865  98.5689  40.2077 0002760 140.2790 219.8591 14.22449537699989
NIMIQ 5
1 35873U 09050A   23072.56994170 -.00000252  00000+0  00000+0 0  9993
2 35873   0.0201 247.9512 0001578 125.3805 290.0914  1.00271885 49400
OCEANSAT-2
1 35931U 09051A   23073.19291023 -.00085290  00000+0 -49165-1 0  9999
2 35931  98.2981 159.8326 0002600 194.5672 165.6206 14.09712733712728
SWISSCUBE
1 35932U 09051B   23073.18473731  .00002157  00000+0  48581-3 0  9999
2 35932  98.5355 301.2328 0006568 305.2011  54.8571 14.57442648715418
BEESAT-1
1 35933U 09051C   23073.14158761  .00001842  00000+0  41707-3 0  9992
2 35933  98.5286 302.6076 0004995 322.1101  37.9745 14.57386699715527
ITUPSAT1
1 35935U 09051E   23073.12038578  .00001693  00000+0  39170-3 0  9990
2 35935  98.5385 302.5644 0007327 323.6024  36.4674 14.56456159715153
AMAZONAS 2
1 35942U 09054A   23072.70224590 -.00000278  00000+0  00000+0 0  9990
2 35942   0.0370 127.6435 0002538 287.7886 307.4221  1.00269205 49239
COMSATBW-1
1 35943U 09054B   23072.74424375  .00000028  00000+0  00000+0 0  9990
2 35943   0.0927  87.2510 0002571 286.7433 128.0350  1.00273304 49355
WORLDVIEW-2 (WV-2)
1 35946U 09055A   23073.10999960  .00000488  00000+0  17789-3 0  9998
2 35946  98.4564 149.4634 0001998 171.9659 188.1571 14.37421584704653
DMSP 5D-3 F18 (USA 210)
1 35951U 09057A   23073.22470872  .00000607  00000+0  34401-3 0  9998
2 35951  98.7587  51.4466 0012005  43.0406 317.1704 14.13690466691223
NSS-12
1 36032U 09058A   23073.11438181  .00000074  00000+0  00000+0 0  9997
2 36032   0.0361 314.4826 0002649  46.6440 268.5133  1.00272729 48964
THOR 6
1 36033U 09058B   23073.08313213 -.00000007  00000+0  00000+0 0  9999
2 36033   0.0095 193.3220 0002064 188.0668 179.1122  1.00271096 49024
SMOS
1 36036U 09059A   23072.53779517  .00000807  00000+0  27142-3 0  9992
2 36036  98.4432 261.1677 0000694  80.1924 279.9342 14.39764447702120
PROBA-2
1 36037U 09059B   23072.07524080  .00000711  00000+0  18110-3 0  9994
2 36037  98.2251 258.6633 0013434   5.6998 354.4349 14.53452447708278
SJ-11-01
1 36088U 09061A   23073.11448304  .00001984  00000+0  41507-3 0  9992
2 36088  97.9281  81.7072 0011688 169.9506 190.1938 14.60792787710503
COSMOS 2455
1 36095U 09063A   23073.00518353  .00000032  00000+0  76889-4 0  9997
2 36095  67.1466 269.3318 0008965 280.0866  79.9207 13.96825106678944
INTELSAT 14 (IS-14)
1 36097U 09064A   23072.43208209 -.00000269  00000+0  00000+0 0  9992
2 36097   0.0180 110.1739 0002305 262.4957 268.6863  1.00271754 48652
EUTELSAT 36B
1 36101U 09065A   23072.73501249  .00000159  00000+0  00000+0 0  9999
2 36101   0.0706  13.7757 0005089 346.6817 111.1279  1.00273820 48774
INTELSAT 15 (IS-15)
1 36106U 09067A   23072.83660509 -.00000182  00000+0  00000+0 0  9999
2 36106   0.0136 122.6984 0002391 249.8077 185.0155  1.00269716 29280
WGS F3 (USA 211)
1 36108U 09068A   23072.83938333  .00000142  00000+0  00000+0 0  9990
2 36108   0.2841  93.0305 0000573 338.9197  65.4361  1.00270224 48566
YAOGAN 7
1 36110U 09069A   23073.22563293  .00001580  00000+0  23961-3 0  9999
2 36110  98.1703 301.0685 0024811 265.5286  94.3068 14.75371601713910
COSMOS 2456 [GLONASS-M]
1 36111U 09070A   23072.63591811  .00000042  00000+0  00000+0 0  9990
2 36111  64.4285 111.8067 0005224 297.7013 243.2575  2.13099133103079
COSMOS 2457 [GLONASS-M]
1 36112U 09070B   23072.87713801  .00000042  00000+0  00000+0 0  9992
2 36112  64.4116 111.6683 0004608 190.2185 305.2238  2.13101367103086
WISE
1 36119U 09071A   23072.13363605  .00018771  00000+0  49115-3 0  9994
2 36119  97.2096 106.4474 0003712  78.4333 281.7330 15.38771530736732
YAOGAN 8
1 36121U 09072A   23072.46826419  .00000370  00000+0  12716-2 0  9993
2 36121 100.2870 358.4436 0021565 121.2801 239.0422 13.04996731633221
XIWANG-1 (HOPE-1)
1 36122U 09072B   23072.85441165  .00000027  00000+0  18263-3 0  9991
2 36122 100.2265  39.7861 0008144  82.3613 277.8425 13.16379388636252
HELIOS 2B
1 36124U 09073A   23073.17775785  .00058086  00000+0  85994-3 0  9991
2 36124  98.1953  52.8983 0141864 267.9002 146.8182 15.44231731709511
DIRECTV 12
1 36131U 09075A   23072.32744850 -.00000098  00000+0  00000+0 0  9998
2 36131   0.0305 301.2091 0000425  37.1242 207.5148  1.00271343 34612
BEIDOU-2 G1
1 36287U 10001A   23073.25931764 -.00000279  00000+0  00000+0 0  9997
2 36287   1.9991  53.6494 0003174 288.3383  63.3539  1.00268824 48213
RADUGA-1M 2
1 36358U 10002A   23072.88590860 -.00000181  00000+0  00000+0 0  9995
2 36358   0.5284  96.1651 0004067 275.9281 203.0884  1.00270770 48062
SDO
1 36395U 10005A   23068.48079002 -.00000049  00000+0  00000+0 0  9993
2 36395  32.1733 104.9480 0002248 231.4024 261.6691  1.00275402 48076
INTELSAT 16 (IS-16)
1 36397U 10006A   23072.49668473 -.00000240  00000+0  00000+0 0  9991
2 36397   0.0153 129.4853 0002082 249.4921 254.4879  1.00268996 47702
COSMOS 2460 [GLONASS-M]
1 36402U 10007C   23072.52397939 -.00000060  00000+0  00000+0 0  9999
2 36402  65.9245 354.4847 0002335 344.0479 226.8693  2.13106345101426
GOES 15
1 36411U 10008A   23073.22915002  .00000053  00000+0  00000+0 0  9996
2 36411   0.1259  94.4840 0001965  42.0361 349.8772  1.00280639 47718
YAOGAN 9A
1 36413U 10009A   23072.36081013 -.00000004  00000+0  82456-4 0  9996
2 36413  63.3795 197.2871 0434901  13.5607 347.6675 13.45269165639615
YAOGAN 9B
1 36414U 10009B   23072.34970266 -.00000035  00000+0  53736-4 0  9995
2 36414  63.3825 196.9089 0434071  12.8934 348.2771 13.45279595639780
YAOGAN 9C
1 36415U 10009C   23072.27412325 -.00000071  00000+0  18584-4 0  9997
2 36415  63.3796 197.7057 0434916  13.1947 348.0036 13.45283298639741
ECHOSTAR 14
1 36499U 10010A   23072.70415615  .00000004  00000+0  00000+0 0  9998
2 36499   0.0132 215.1954 0001922 131.3120 319.1522  1.00272300 34602
CRYOSAT 2
1 36508U 10013A   23072.86829879  .00000482  00000+0  11903-3 0  9998
2 36508  92.0308 349.3553 0006273  65.5895 294.5966 14.51898667685223
SES-1
1 36516U 10016A   23072.63591811 -.00000110  00000+0  00000+0 0  9998
2 36516   0.0408 326.1386 0002420  32.2713 300.5053  1.00271009 47096
COSMOS 2463
1 36519U 10017A   23073.00221535  .00000106  00000+0  10072-3 0  9995
2 36519  82.9605  44.8139 0035781 193.1067 229.9262 13.71498947644735
ASTRA 3B
1 36581U 10021A   23072.63799209  .00000141  00000+0  00000+0 0  9990
2 36581   0.0777  60.8559 0003587 286.1779  77.1378  1.00268815 46927
COMSATBW-2
1 36582U 10021B   23072.73047992  .00000091  00000+0  00000+0 0  9991
2 36582   0.0103 166.4284 0002280 200.0951  80.6985  1.00269126 47004
NAVSTAR 65 (USA 213)
1 36585U 10022A   23072.59574250  .00000065  00000+0  00000+0 0  9992
2 36585  54.6506 256.6444 0109774  58.9013 120.0739  2.00552747 93691
BEIDOU-2 G3
1 36590U 10024A   23072.74372897 -.00000131  00000+0  00000+0 0  9995
2 36590   2.0539  54.9036 0009090 337.1151 126.3951  1.00274136 46832
BADR-5
1 36592U 10025A   23072.73309486  .00000148  00000+0  00000+0 0  9998
2 36592   0.0322 132.2635 0001373 269.0011  59.7176  1.00269848 41265
SJ-12
1 36596U 10027A   23073.17806794  .00006902  00000+0  56558-3 0  9994
2 36596  97.7432  63.4834 0011047 189.9359 170.1647 14.99547224695449
TANDEM-X
1 36605U 10030A   23072.70052503  .00004653  00000+0  22469-3 0  9993
2 36605  97.4475  81.4406 0001985 108.2856 251.8594 15.19142417705757
COMS 1
1 36744U 10032A   23072.93799545 -.00000341  00000+0  00000+0 0  9992
2 36744   1.7437  90.3381 0000974 290.2383 256.5550  1.00270549 46702
ARABSAT-5A
1 36745U 10032B   23072.73396652  .00000157  00000+0  00000+0 0  9997
2 36745   0.0732  55.6727 0003905 313.4165  96.6940  1.00273058 46708
ECHOSTAR 15
1 36792U 10034A   23072.51196498 -.00000277  00000+0  00000+0 0  9997
2 36792   0.0402 291.1086 0002450  35.2125 327.2156  1.00272682 46375
CARTOSAT-2B
1 36795U 10035A   23073.11999548  .00002390  00000+0  33215-3 0  9990
2 36795  97.9226 135.0302 0014350  93.2025 267.0820 14.78721982683916
AISSAT 1
1 36797U 10035C   23072.86075951  .00003469  00000+0  38213-3 0  9997
2 36797  98.2339 271.9160 0011041  19.0617 341.1010 14.88204603686494
ALSAT 2A
1 36798U 10035D   23073.10957848  .00002151  00000+0  35996-3 0  9992
2 36798  97.8324 109.2631 0001675  92.0145 268.1253 14.70800396678512
TISAT 1
1 36799U 10035E   23073.08652168  .00007371  00000+0  67704-3 0  9998
2 36799  98.1502 298.9963 0010357 291.3461  68.6653 14.95101091688219
BEIDOU-2 IGSO-1
1 36828U 10036A   23072.65401411 -.00000130  00000+0  00000+0 0  9996
2 36828  54.2116 173.7698 0035391 186.7768 154.4868  1.00273420 46277
NILESAT 201
1 36830U 10037A   23072.36793758 -.00000053  00000+0  00000+0 0  9990
2 36830   0.0377 164.7540 0002560 191.8043 299.6177  1.00271520 46419
RASCOM-QAF 1R
1 36831U 10037B   23072.72847513  .00000022  00000+0  00000+0 0  9995
2 36831   0.0446 113.5736 0005541 222.7828  99.8514  1.00272622 46344
YAOGAN 10
1 36834U 10038A   23073.17388269  .00002099  00000+0  27324-3 0  9995
2 36834  97.9710  87.6964 0001406  78.3437 281.7932 14.81691008680714
AEHF-1 (USA 214)
1 36868U 10039A   23072.72873663  .00000030  00000+0  00000+0 0  9991
2 36868   5.2098  83.2366 0002960 343.9752  10.2838  1.00275367 41700
TIANHUI 1
1 36985U 10040A   23073.17361111  .00018347  00000+0  61354-3 0  9996
2 36985  97.6380 302.3550 0028900  72.0044 288.4267 15.30637059698346
COSMOS 2467
1 37152U 10043A   23073.11377962  .00000017  00000+0  51818-4 0  9991
2 37152  82.4514  90.0617 0001227 160.1578 263.3409 12.42922710567585
STRELA 3
1 37153U 10043B   23072.78009384  .00000040  00000+0  22508-3 0  9993
2 37153  82.4542 100.5608 0008288 144.0702 216.0937 12.40753191566682
COSMOS 2468
1 37154U 10043C   23073.11699331  .00000024  00000+0  10033-3 0  9991
2 37154  82.4552  87.9716 0014746  31.4229  29.6552 12.43686190567882
QZS-1 (MICHIBIKI-1)
1 37158U 10045A   23066.51728160 -.00000171  00000+0  00000+0 0  9999
2 37158  42.6148 129.7673 0744299 269.9122  84.6301  1.00277312 45736
YAOGAN 11
1 37165U 10047A   23073.02434131  .00002615  00000+0  37096-3 0  9998
2 37165  98.3885 226.1994 0038993  93.0295 267.5377 14.77399149671924
ZHEDA PIXING 1B
1 37166U 10047B   23073.14669916  .00005090  00000+0  63629-3 0  9994
2 37166  97.7951  45.7455 0021628 229.7359 130.1954 14.82589421673787
ZHEDA PIXING 1C
1 37167U 10047C   23073.11940796  .00005039  00000+0  63228-3 0  9998
2 37167  97.8276  44.7462 0021192 232.1825 127.7456 14.82448046673739
SBSS (USA 216)
1 37168U 10048A   23073.17837326  .00001640  00000+0  21169-3 0  9992
2 37168  97.9146 291.9249 0000715  68.3341  43.3149 14.82334170673707
SHIJIAN-6 04A (SJ-6 04A)
1 37179U 10051A   23073.22939670  .00011597  00000+0  10040-2 0  9996
2 37179  97.7884  59.9970 0025745 318.3130  41.6105 14.97046806677690
SHIJIAN-6 04B (SJ-6 04B)
1 37180U 10051B   23073.14275381  .00002996  00000+0  28311-3 0  9995
2 37180  97.7988  58.8254 0011161 333.4697  26.5932 14.94427639677529
XM-5
1 37185U 10053A   23072.70494063 -.00000019  00000+0  00000+0 0  9999
2 37185   0.0360 280.5069 0001368 283.6343 105.4979  1.00270733 45537
GLOBALSTAR M079
1 37188U 10054A   23073.20289182 -.00000089  00000+0  80188-4 0  9990
2 37188  52.0025 134.2173 0000374 119.4959 275.1177 12.62269847572827
GLOBALSTAR M074
1 37189U 10054B   23073.14803863 -.00000090  00000+0  75651-4 0  9993
2 37189  52.0004 133.8367 0000539 113.1214 271.1490 12.62276335572816
GLOBALSTAR M076
1 37190U 10054C   23073.17713316 -.00000084  00000+0  11292-3 0  9994
2 37190  52.0019 133.8459 0000390  48.3169 347.1624 12.62272752572822
GLOBALSTAR M077
1 37191U 10054D   23073.25287009 -.00000108  00000+0 -25585-4 0  9998
2 37191  52.0060  90.2299 0000381  98.7329 341.9237 12.62273871573583
GLOBALSTAR M075
1 37192U 10054E   23072.31845698 -.00000071  00000+0  18378-3 0  9998
2 37192  51.9941 179.1705 0000453 113.5139 281.1813 12.62266105571589
GLOBALSTAR M073
1 37193U 10054F   23073.19896154 -.00000100  00000+0  22683-4 0  9997
2 37193  52.0053  89.6790 0000403  93.5977 343.7077 12.62268657573579
BSAT-3B
1 37207U 10056B   23072.87896625 -.00000347  00000+0  00000+0 0  9999
2 37207   0.0764 306.7917 0003383  34.7407 255.9692  1.00271102 40177
BEIDOU-2 G4
1 37210U 10057A   23072.67688144 -.00000108  00000+0  00000+0 0  9992
2 37210   1.0399  55.9157 0003272 175.0801 343.7480  1.00271248 45334
FENGYUN 3B
1 37214U 10059A   23073.10926663  .00000296  00000+0  17900-3 0  9996
2 37214  99.0904  88.8404 0021479 316.0555  43.8909 14.14310938639072
COSMO-SKYMED 4
1 37216U 10060A   23073.08548344 -.00001196  00000+0 -14376-3 0  9999
2 37216  97.8914 257.9277 0001266 108.2131 251.9121 14.82146358668192
SKYTERRA 1
1 37218U 10061A   23072.63591811 -.00000113  00000+0  00000+0 0  9991
2 37218   2.8072  40.4411 0003023 358.4206 259.7420  1.00271071 45245
ZHONGXING-20A
1 37234U 10064A   23072.67322465 -.00000186  00000+0  00000+0 0  9993
2 37234   3.3262  85.5288 0002955 279.4058 133.9881  1.00272587 45081
HYLAS 1
1 37237U 10065A   23072.73257187  .00000100  00000+0  00000+0 0  9997
2 37237   2.5950  87.2505 0000914   4.4140   6.7722  0.99931182 45037
INTELSAT 17 (IS-17)
1 37238U 10065B   23073.10882722  .00000002  00000+0  00000+0 0  9990
2 37238   0.0235 209.9996 0002687 155.1578 271.4514  1.00270244 44972
BEIDOU-2 IGSO-2
1 37256U 10068A   23072.52896674 -.00000167  00000+0  00000+0 0  9992
2 37256  49.7255 286.4158 0023264 203.1673 340.1793  1.00282818 44847
EUTELSAT KA-SAT 9A
1 37258U 10069A   23072.29354994  .00000066  00000+0  00000+0 0  9990
2 37258   0.0738 295.4097 0001925 151.8050 198.1233  1.00271421 32042
HISPASAT 30W-5
1 37264U 10070A   23072.72193778 -.00000212  00000+0  00000+0 0  9992
2 37264   0.0244 129.2501 0003447 255.8497  15.8837  1.00271723 44724
KOREASAT 6
1 37265U 10070B   23072.87896625 -.00000359  00000+0  00000+0 0  9992
2 37265   0.0156 193.0876 0001413 169.7899 240.7833  1.00271155 44736
BEIDOU-2 IGSO-3
1 37384U 11013A   23073.22088851 -.00000154  00000+0  00000+0 0  9999
2 37384  60.6879  51.5939 0023540 188.8526 117.7257  1.00283164 43728
RESOURCESAT-2
1 37387U 11015A   23073.10796303 -.00000080  00000+0 -16568-4 0  9999
2 37387  98.6306 145.2616 0004450  25.5937 334.5498 14.21665113617472
YOUTHSAT
1 37388U 11015B   23073.02784431  .00000458  00000+0  21467-3 0  9990
2 37388  98.3070  92.7153 0013756 238.1803 176.1084 14.24529312618513
X-SAT
1 37389U 11015C   23073.02912402  .00000279  00000+0  13775-3 0  9996
2 37389  98.3111  97.2294 0013206 238.4498 121.5396 14.24495144618581
INTELSAT NEW DAWN
1 37392U 11016A   23072.86299344  .00000159  00000+0  00000+0 0  9995
2 37392   0.0236 127.9156 0001487 303.9379  82.8166  1.00262301 43577
YAHSAT 1A
1 37393U 11016B   23072.66660014  .00000105  00000+0  00000+0 0  9991
2 37393   0.0168 147.8766 0001265 211.4903 104.1049  1.00270014 30462
SBIRS GEO-1 (USA 230)
1 37481U 11019A   23072.74093970  .00000001  00000+0  00000+0 0  9997
2 37481   2.2128  36.5019 0001914 311.0854 155.9340  1.00272292 43459
TELSTAR 14R
1 37602U 11021A   23072.70762337 -.00000276  00000+0  00000+0 0  9996
2 37602   0.0032  65.2863 0002658 278.1733  19.3415  1.00271804 43886
GSAT-8
1 37605U 11022A   23072.66712313  .00000089  00000+0  00000+0 0  9995
2 37605   0.0448  99.5321 0006208 197.3768 169.3519  1.00271177 41279
ST-2
1 37606U 11022B   23072.83660509 -.00000208  00000+0  00000+0 0  9998
2 37606   0.0171 177.8009 0001879 201.6310 180.9480  1.00272578 43305
CHINASAT 10 (ZX 10)
1 37677U 11026A   23072.87896625 -.00000349  00000+0  00000+0 0  9990
2 37677   0.0368 277.6448 0001827 262.5822  57.9396  1.00273628 43052
SJ-11-03
1 37730U 11030A   23073.13692857  .00001492  00000+0  31078-3 0  9998
2 37730  97.8130  77.2835 0008284 190.3915 169.7116 14.61301612623043
TIANLIAN 1-02
1 37737U 11032A   23071.45883012 -.00000044  00000+0  00000+0 0  9995
2 37737   2.4918  72.2928 0082599 359.9417  69.7053  1.00272264 42767
GLOBALSTAR M083
1 37739U 11033A   23073.21762288 -.00000101  00000+0  13517-4 0  9991
2 37739  51.9875  39.4804 0000388 129.0129 333.8015 12.62268246542909
GLOBALSTAR M088
1 37740U 11033B   23073.04274794 -.00000072  00000+0  17821-3 0  9992
2 37740  51.9741 306.2054 0000436  95.8220  51.7900 12.62266812538351
GLOBALSTAR M091
1 37741U 11033C   23072.03009587 -.00000075  00000+0  16033-3 0  9994
2 37741  51.9987 271.3648 0000559 108.7882  54.3019 12.62265427538721
GLOBALSTAR M085
1 37742U 11033D   23072.46465855 -.00000080  00000+0  13359-3 0  9990
2 37742  51.9860 221.8096 0000653 113.7483 285.5001 12.62267793539297
GLOBALSTAR M081
1 37743U 11033E   23072.49028043 -.00000076  00000+0  15374-3 0  9992
2 37743  51.9941 224.0090 0000481 102.1681 292.9888 12.62266044539448
GLOBALSTAR M089
1 37744U 11033F   23072.37319197 -.00000079  00000+0  13940-3 0  9993
2 37744  51.9923 178.7481 0000671  84.7644 318.5731 12.62266739540279